0 0.873047 0.011719 0.867188 0.015625 0.863281 0.023438 0.863281 0.029297 0.861328 0.031250 0.863281 0.033203 0.863281 0.039062 0.867188 0.046875 0.873047 0.050781 0.886719 0.050781 0.892578 0.046875 0.896484 0.039062 0.896484 0.023438 0.892578 0.015625 0.886719 0.011719
0 0.248047 0.064453 0.244141 0.066406 0.232422 0.080078 0.232422 0.087891 0.230469 0.089844 0.232422 0.091797 0.232422 0.099609 0.234375 0.103516 0.248047 0.115234 0.267578 0.115234 0.271484 0.113281 0.283203 0.099609 0.283203 0.080078 0.281250 0.076172 0.267578 0.064453
0 0.583984 0.080078 0.572266 0.087891 0.566406 0.103516 0.568359 0.105469 0.568359 0.111328 0.576172 0.123047 0.583984 0.126953 0.599609 0.126953 0.611328 0.119141 0.615234 0.111328 0.615234 0.095703 0.607422 0.083984 0.599609 0.080078
0 0.824219 0.082031 0.812500 0.089844 0.806641 0.105469 0.808594 0.107422 0.808594 0.113281 0.816406 0.125000 0.824219 0.128906 0.839844 0.128906 0.851562 0.121094 0.855469 0.113281 0.855469 0.097656 0.847656 0.085938 0.839844 0.082031
0 0.441406 0.142578 0.439453 0.152344 0.437500 0.154297 0.439453 0.156250 0.439453 0.162109 0.447266 0.171875 0.455078 0.175781 0.474609 0.175781 0.482422 0.171875 0.490234 0.162109 0.490234 0.146484 0.488281 0.142578 0.482422 0.136719 0.474609 0.132812 0.455078 0.132812 0.447266 0.136719
0 0.201172 0.187500 0.191406 0.197266 0.191406 0.203125 0.189453 0.205078 0.191406 0.207031 0.191406 0.212891 0.201172 0.222656 0.218750 0.222656 0.228516 0.212891 0.228516 0.197266 0.218750 0.187500
0 0.406250 0.210938 0.406250 0.216797 0.404297 0.218750 0.406250 0.220703 0.406250 0.226562 0.410156 0.232422 0.419922 0.238281 0.439453 0.238281 0.449219 0.232422 0.453125 0.226562 0.453125 0.210938 0.449219 0.205078 0.439453 0.199219 0.419922 0.199219 0.410156 0.205078
0 0.208984 0.248047 0.201172 0.255859 0.201172 0.261719 0.199219 0.263672 0.201172 0.265625 0.201172 0.271484 0.208984 0.279297 0.222656 0.279297 0.230469 0.271484 0.230469 0.255859 0.222656 0.248047
0 0.726562 0.306641 0.714844 0.314453 0.708984 0.330078 0.710938 0.332031 0.710938 0.337891 0.714844 0.345703 0.726562 0.353516 0.744141 0.353516 0.755859 0.345703 0.759766 0.337891 0.759766 0.322266 0.755859 0.314453 0.744141 0.306641
0 0.656250 0.320312 0.652344 0.322266 0.646484 0.330078 0.646484 0.335938 0.644531 0.337891 0.646484 0.339844 0.646484 0.345703 0.648438 0.349609 0.656250 0.355469 0.669922 0.355469 0.673828 0.353516 0.679688 0.345703 0.679688 0.330078 0.677734 0.326172 0.669922 0.320312
0 0.720703 0.375000 0.712891 0.378906 0.707031 0.384766 0.705078 0.388672 0.705078 0.406250 0.712891 0.416016 0.720703 0.419922 0.738281 0.419922 0.746094 0.416016 0.751953 0.410156 0.753906 0.406250 0.753906 0.388672 0.746094 0.378906 0.738281 0.375000
0 0.312500 0.410156 0.310547 0.414062 0.310547 0.427734 0.320312 0.439453 0.328125 0.443359 0.349609 0.443359 0.357422 0.439453 0.367188 0.427734 0.367188 0.414062 0.365234 0.410156 0.357422 0.402344 0.349609 0.398438 0.328125 0.398438 0.320312 0.402344
0 0.808594 0.417969 0.804688 0.419922 0.798828 0.427734 0.798828 0.441406 0.800781 0.445312 0.808594 0.451172 0.822266 0.451172 0.826172 0.449219 0.832031 0.441406 0.832031 0.427734 0.830078 0.423828 0.822266 0.417969
0 0.828125 0.531250 0.820312 0.541016 0.820312 0.546875 0.818359 0.548828 0.820312 0.550781 0.820312 0.556641 0.828125 0.566406 0.841797 0.566406 0.849609 0.556641 0.849609 0.541016 0.841797 0.531250
0 0.318359 0.535156 0.310547 0.542969 0.310547 0.548828 0.308594 0.550781 0.310547 0.552734 0.310547 0.558594 0.322266 0.568359 0.337891 0.568359 0.341797 0.566406 0.349609 0.558594 0.349609 0.542969 0.337891 0.533203 0.322266 0.533203
0 0.664062 0.531250 0.654297 0.539062 0.650391 0.546875 0.650391 0.554688 0.648438 0.556641 0.650391 0.558594 0.650391 0.566406 0.654297 0.574219 0.664062 0.582031 0.681641 0.582031 0.691406 0.574219 0.695312 0.566406 0.695312 0.546875 0.691406 0.539062 0.681641 0.531250
0 0.324219 0.642578 0.314453 0.650391 0.308594 0.662109 0.308594 0.673828 0.306641 0.675781 0.308594 0.677734 0.308594 0.689453 0.314453 0.701172 0.320312 0.707031 0.324219 0.708984 0.337891 0.708984 0.347656 0.701172 0.353516 0.689453 0.353516 0.662109 0.347656 0.650391 0.341797 0.644531 0.337891 0.642578
0 0.257812 0.724609 0.250000 0.730469 0.246094 0.738281 0.246094 0.755859 0.250000 0.763672 0.257812 0.769531 0.273438 0.769531 0.281250 0.763672 0.285156 0.755859 0.285156 0.738281 0.281250 0.730469 0.273438 0.724609
0 0.835938 0.847656 0.832031 0.849609 0.822266 0.861328 0.822266 0.878906 0.824219 0.882812 0.835938 0.892578 0.853516 0.892578 0.857422 0.890625 0.867188 0.878906 0.867188 0.861328 0.865234 0.857422 0.853516 0.847656
0 0.648438 0.861328 0.644531 0.863281 0.632812 0.876953 0.632812 0.884766 0.630859 0.886719 0.632812 0.888672 0.632812 0.896484 0.634766 0.900391 0.648438 0.912109 0.666016 0.912109 0.669922 0.910156 0.681641 0.896484 0.681641 0.876953 0.679688 0.873047 0.666016 0.861328
0 0.388672 0.957031 0.382812 0.966797 0.382812 0.984375 0.388672 0.994141 0.394531 0.998047 0.419922 0.998047 0.425781 0.994141 0.431641 0.984375 0.431641 0.966797 0.425781 0.957031 0.416016 0.951172 0.398438 0.951172
0 0.822266 0.951172 0.812500 0.960938 0.808594 0.968750 0.808594 0.976562 0.806641 0.978516 0.808594 0.980469 0.808594 0.988281 0.814453 0.998047 0.859375 0.998047 0.865234 0.988281 0.865234 0.968750 0.861328 0.960938 0.851562 0.951172 0.847656 0.951172 0.845703 0.949219 0.828125 0.949219 0.826172 0.951172
0 0.000000 0.960938 0.000000 0.998047 0.039062 0.998047 0.039062 0.978516 0.035156 0.970703 0.025391 0.960938 0.021484 0.958984 0.003906 0.958984
1 0.138672 0.000000 0.138672 0.003906 0.160156 0.021484 0.175781 0.044922 0.189453 0.076172 0.220703 0.107422 0.242188 0.119141 0.294922 0.119141 0.292969 0.113281 0.300781 0.107422 0.289062 0.080078 0.289062 0.068359 0.300781 0.037109 0.324219 0.023438 0.328125 0.017578 0.328125 0.007812 0.322266 0.000000
1 0.798828 0.000000 0.798828 0.015625 0.804688 0.021484 0.828125 0.031250 0.837891 0.044922 0.863281 0.054688 0.869141 0.060547 0.876953 0.083984 0.927734 0.134766 0.947266 0.134766 0.955078 0.144531 0.966797 0.148438 0.984375 0.144531 0.990234 0.154297 0.998047 0.156250 0.998047 0.113281 0.980469 0.103516 0.980469 0.097656 0.962891 0.082031 0.955078 0.068359 0.957031 0.056641 0.972656 0.042969 0.976562 0.033203 0.976562 0.013672 0.968750 0.000000
1 0.300781 0.064453 0.296875 0.074219 0.296875 0.089844 0.312500 0.130859 0.339844 0.169922 0.363281 0.189453 0.408203 0.175781 0.417969 0.175781 0.421875 0.171875 0.498047 0.169922 0.515625 0.142578 0.515625 0.103516 0.488281 0.021484 0.474609 0.000000 0.355469 0.000000 0.351562 0.013672 0.341797 0.027344 0.316406 0.046875
1 0.525391 0.033203 0.525391 0.044922 0.560547 0.125000 0.576172 0.138672 0.603516 0.134766 0.623047 0.146484 0.650391 0.150391 0.667969 0.160156 0.689453 0.162109 0.705078 0.167969 0.720703 0.166016 0.726562 0.160156 0.728516 0.150391 0.740234 0.130859 0.742188 0.119141 0.755859 0.111328 0.757812 0.097656 0.769531 0.087891 0.775391 0.058594 0.800781 0.042969 0.800781 0.027344 0.787109 0.017578 0.765625 0.017578 0.744141 0.023438 0.722656 0.035156 0.701172 0.039062 0.677734 0.023438 0.666016 0.009766 0.644531 0.009766 0.636719 0.003906 0.625000 0.003906 0.617188 0.009766 0.578125 0.000000 0.544922 0.000000 0.537109 0.003906
1 0.064453 0.000000 0.058594 0.007812 0.052734 0.029297 0.046875 0.031250 0.037109 0.046875 0.037109 0.070312 0.027344 0.095703 0.019531 0.134766 0.021484 0.171875 0.033203 0.201172 0.066406 0.216797 0.117188 0.218750 0.140625 0.224609 0.169922 0.224609 0.222656 0.232422 0.246094 0.228516 0.259766 0.218750 0.267578 0.207031 0.271484 0.191406 0.271484 0.166016 0.263672 0.146484 0.244141 0.123047 0.222656 0.117188 0.207031 0.101562 0.193359 0.080078 0.171875 0.068359 0.148438 0.025391 0.121094 0.000000
1 0.816406 0.046875 0.791016 0.056641 0.773438 0.089844 0.746094 0.130859 0.740234 0.166016 0.734375 0.179688 0.740234 0.183594 0.765625 0.185547 0.775391 0.193359 0.853516 0.201172 0.859375 0.197266 0.861328 0.179688 0.900391 0.148438 0.902344 0.128906 0.839844 0.050781 0.832031 0.046875
1 0.505859 0.187500 0.492188 0.181641 0.408203 0.177734 0.359375 0.193359 0.312500 0.193359 0.296875 0.201172 0.281250 0.220703 0.281250 0.255859 0.275391 0.271484 0.285156 0.279297 0.394531 0.277344 0.402344 0.281250 0.455078 0.283203 0.474609 0.277344 0.494141 0.277344 0.503906 0.269531 0.509766 0.255859 0.511719 0.228516 0.505859 0.212891
1 0.021484 0.255859 0.023438 0.289062 0.042969 0.337891 0.054688 0.353516 0.074219 0.357422 0.138672 0.347656 0.140625 0.343750 0.177734 0.330078 0.210938 0.308594 0.222656 0.304688 0.232422 0.292969 0.244141 0.287109 0.257812 0.269531 0.257812 0.263672 0.250000 0.253906 0.222656 0.236328 0.083984 0.218750 0.060547 0.220703 0.035156 0.232422 0.027344 0.240234
1 0.742188 0.195312 0.734375 0.201172 0.734375 0.207031 0.716797 0.232422 0.703125 0.263672 0.693359 0.275391 0.687500 0.296875 0.687500 0.337891 0.691406 0.347656 0.707031 0.357422 0.753906 0.365234 0.777344 0.365234 0.789062 0.361328 0.818359 0.335938 0.835938 0.326172 0.839844 0.320312 0.847656 0.318359 0.857422 0.308594 0.859375 0.294922 0.839844 0.271484 0.826172 0.232422 0.763672 0.197266
1 0.558594 0.220703 0.546875 0.232422 0.537109 0.261719 0.533203 0.289062 0.533203 0.333984 0.527344 0.351562 0.529297 0.371094 0.542969 0.378906 0.593750 0.382812 0.656250 0.363281 0.660156 0.365234 0.683594 0.341797 0.677734 0.302734 0.664062 0.277344 0.617188 0.238281 0.613281 0.238281 0.605469 0.228516 0.576172 0.214844
1 0.300781 0.289062 0.287109 0.306641 0.285156 0.322266 0.291016 0.390625 0.298828 0.406250 0.302734 0.429688 0.300781 0.449219 0.314453 0.451172 0.328125 0.458984 0.345703 0.458984 0.369141 0.470703 0.386719 0.472656 0.388672 0.476562 0.419922 0.480469 0.435547 0.476562 0.447266 0.466797 0.460938 0.462891 0.476562 0.447266 0.496094 0.400391 0.498047 0.380859 0.501953 0.378906 0.501953 0.320312 0.498047 0.300781 0.492188 0.291016 0.478516 0.287109 0.408203 0.289062 0.386719 0.283203 0.316406 0.283203
1 0.882812 0.345703 0.869141 0.316406 0.853516 0.314453 0.841797 0.322266 0.830078 0.337891 0.804688 0.349609 0.785156 0.365234 0.746094 0.373047 0.693359 0.357422 0.683594 0.357422 0.660156 0.371094 0.660156 0.386719 0.677734 0.414062 0.716797 0.419922 0.724609 0.427734 0.744141 0.435547 0.777344 0.435547 0.792969 0.427734 0.800781 0.417969 0.832031 0.416016 0.843750 0.410156 0.878906 0.376953
2 0.880859 0.384766 0.841797 0.414062 0.824219 0.421875 0.806641 0.417969 0.789062 0.431641 0.787109 0.441406 0.802734 0.470703 0.802734 0.490234 0.816406 0.492188 0.828125 0.486328 0.832031 0.457031 0.851562 0.435547 0.857422 0.423828 0.867188 0.414062 0.876953 0.410156 0.884766 0.390625
1 0.945312 0.353516 0.921875 0.347656 0.904297 0.355469 0.873047 0.423828 0.855469 0.437500 0.833984 0.466797 0.826172 0.492188 0.826172 0.521484 0.808594 0.539062 0.808594 0.562500 0.828125 0.574219 0.847656 0.576172 0.861328 0.556641 0.884766 0.541016 0.888672 0.527344 0.900391 0.515625 0.912109 0.460938 0.947266 0.394531 0.949219 0.361328
1 0.273438 0.476562 0.273438 0.486328 0.285156 0.500000 0.291016 0.529297 0.306641 0.544922 0.316406 0.570312 0.332031 0.574219 0.375000 0.574219 0.378906 0.570312 0.410156 0.564453 0.435547 0.548828 0.455078 0.521484 0.455078 0.505859 0.439453 0.488281 0.394531 0.490234 0.365234 0.474609 0.328125 0.464844 0.285156 0.462891
1 0.525391 0.539062 0.521484 0.558594 0.525391 0.576172 0.535156 0.591797 0.533203 0.611328 0.535156 0.623047 0.541016 0.630859 0.544922 0.669922 0.566406 0.687500 0.597656 0.687500 0.617188 0.699219 0.644531 0.699219 0.666016 0.707031 0.683594 0.707031 0.716797 0.693359 0.730469 0.679688 0.738281 0.656250 0.750000 0.656250 0.773438 0.648438 0.791016 0.632812 0.792969 0.613281 0.789062 0.599609 0.771484 0.580078 0.748047 0.574219 0.732422 0.562500 0.720703 0.558594 0.705078 0.541016 0.656250 0.507812 0.630859 0.500000 0.589844 0.505859 0.562500 0.513672 0.535156 0.527344
1 0.474609 0.527344 0.458984 0.527344 0.435547 0.558594 0.419922 0.570312 0.390625 0.578125 0.324219 0.582031 0.312500 0.593750 0.310547 0.650391 0.294922 0.685547 0.294922 0.701172 0.308594 0.734375 0.300781 0.744141 0.296875 0.757812 0.283203 0.771484 0.279297 0.783203 0.285156 0.798828 0.294922 0.810547 0.296875 0.826172 0.308594 0.845703 0.312500 0.865234 0.324219 0.873047 0.365234 0.873047 0.378906 0.865234 0.392578 0.849609 0.398438 0.835938 0.414062 0.822266 0.427734 0.802734 0.435547 0.777344 0.449219 0.755859 0.451172 0.738281 0.462891 0.703125 0.462891 0.691406 0.466797 0.687500 0.466797 0.658203 0.457031 0.634766 0.455078 0.609375 0.476562 0.583984 0.486328 0.558594 0.482422 0.539062
1 0.046875 0.646484 0.042969 0.652344 0.042969 0.664062 0.080078 0.750000 0.080078 0.759766 0.085938 0.767578 0.089844 0.789062 0.095703 0.798828 0.101562 0.843750 0.119141 0.865234 0.154297 0.880859 0.234375 0.880859 0.261719 0.867188 0.261719 0.863281 0.277344 0.851562 0.279297 0.816406 0.273438 0.802734 0.273438 0.781250 0.292969 0.746094 0.292969 0.716797 0.257812 0.697266 0.234375 0.705078 0.212891 0.707031 0.205078 0.695312 0.185547 0.685547 0.119141 0.679688 0.082031 0.646484 0.070312 0.640625
1 0.712891 0.740234 0.691406 0.740234 0.685547 0.744141 0.646484 0.750000 0.605469 0.769531 0.583984 0.787109 0.574219 0.832031 0.568359 0.843750 0.568359 0.857422 0.585938 0.880859 0.652344 0.917969 0.666016 0.917969 0.675781 0.912109 0.683594 0.900391 0.685547 0.882812 0.697266 0.853516 0.705078 0.843750 0.724609 0.833984 0.734375 0.804688 0.722656 0.748047
1 0.958984 0.853516 0.929688 0.824219 0.927734 0.814453 0.916016 0.806641 0.906250 0.808594 0.894531 0.818359 0.867188 0.812500 0.783203 0.814453 0.746094 0.820312 0.742188 0.824219 0.728516 0.826172 0.726562 0.833984 0.710938 0.843750 0.703125 0.861328 0.699219 0.863281 0.689453 0.888672 0.689453 0.919922 0.701172 0.949219 0.710938 0.955078 0.794922 0.953125 0.820312 0.943359 0.828125 0.935547 0.826172 0.931641 0.824219 0.935547 0.822266 0.927734 0.863281 0.886719 0.886719 0.884766 0.906250 0.876953 0.927734 0.886719 0.957031 0.884766 0.962891 0.875000
1 0.390625 0.875000 0.363281 0.890625 0.347656 0.908203 0.339844 0.925781 0.339844 0.943359 0.347656 0.960938 0.367188 0.978516 0.375000 0.996094 0.419922 0.998047 0.429688 0.990234 0.441406 0.964844 0.458984 0.943359 0.462891 0.921875 0.453125 0.904297 0.441406 0.892578 0.427734 0.884766
1 0.939453 0.914062 0.933594 0.906250 0.908203 0.892578 0.869141 0.894531 0.841797 0.914062 0.832031 0.933594 0.820312 0.945312 0.796875 0.958984 0.787109 0.994141 0.791016 0.998047 0.949219 0.998047 0.953125 0.988281 0.953125 0.960938
1 0.003906 0.894531 0.000000 0.898438 0.000000 0.998047 0.085938 0.998047 0.091797 0.982422 0.109375 0.960938 0.113281 0.931641 0.105469 0.916016 0.105469 0.908203 0.093750 0.890625 0.082031 0.886719 0.029297 0.886719
3 0.285156 0.841797 0.281250 0.853516 0.287109 0.904297 0.281250 0.939453 0.291016 0.957031 0.296875 0.986328 0.306641 0.988281 0.320312 0.982422 0.320312 0.972656 0.314453 0.966797 0.328125 0.955078 0.333984 0.955078 0.337891 0.947266 0.333984 0.896484 0.341797 0.888672 0.339844 0.880859 0.304688 0.880859 0.298828 0.869141 0.296875 0.845703
3 0.906250 0.777344 0.917969 0.800781 0.923828 0.802734 0.968750 0.859375 0.988281 0.902344 0.998047 0.949219 0.998047 0.796875
3 0.357422 0.886719 0.365234 0.886719 0.390625 0.873047 0.412109 0.871094 0.458984 0.892578 0.470703 0.925781 0.542969 0.927734 0.542969 0.902344 0.562500 0.869141 0.564453 0.818359 0.576172 0.789062 0.554688 0.796875 0.541016 0.810547 0.523438 0.806641 0.517578 0.796875 0.519531 0.748047 0.488281 0.720703 0.484375 0.697266 0.492188 0.707031 0.492188 0.718750 0.527344 0.736328 0.546875 0.751953 0.541016 0.767578 0.541016 0.798828 0.591797 0.763672 0.664062 0.738281 0.714844 0.728516 0.818359 0.724609 0.833984 0.728516 0.869141 0.750000 0.873047 0.748047 0.820312 0.691406 0.792969 0.640625 0.777344 0.650391 0.744141 0.660156 0.740234 0.677734 0.716797 0.697266 0.669922 0.714844 0.576172 0.701172 0.552734 0.689453 0.554688 0.714844 0.550781 0.738281 0.541016 0.652344 0.529297 0.619141 0.529297 0.607422 0.519531 0.587891 0.517578 0.568359 0.505859 0.542969 0.505859 0.517578 0.492188 0.500000 0.488281 0.468750 0.476562 0.460938 0.458984 0.478516 0.458984 0.498047 0.466797 0.515625 0.482422 0.525391 0.494141 0.548828 0.490234 0.582031 0.476562 0.597656 0.466797 0.619141 0.472656 0.650391 0.480469 0.666016 0.482422 0.691406 0.478516 0.691406 0.476562 0.677734 0.472656 0.675781 0.468750 0.710938 0.457031 0.738281 0.447266 0.779297 0.414062 0.843750 0.388672 0.867188 0.361328 0.878906
3 0.779297 0.197266 0.841797 0.234375 0.849609 0.267578 0.861328 0.283203 0.878906 0.328125 0.888672 0.341797 0.892578 0.353516 0.888672 0.371094 0.890625 0.361328 0.904297 0.343750 0.943359 0.341797 0.951172 0.351562 0.953125 0.394531 0.957031 0.394531 0.964844 0.369141 0.998047 0.363281 0.996094 0.357422 0.982422 0.353516 0.943359 0.328125 0.896484 0.285156 0.867188 0.242188 0.855469 0.205078
3 0.013672 0.062500 0.003906 0.070312 0.000000 0.083984 0.000000 0.541016 0.023438 0.548828 0.050781 0.548828 0.093750 0.525391 0.128906 0.472656 0.191406 0.455078 0.119141 0.425781 0.099609 0.392578 0.041016 0.343750 0.031250 0.318359 0.019531 0.302734 0.013672 0.287109 0.013672 0.261719 0.023438 0.232422 0.029297 0.224609 0.041016 0.220703 0.044922 0.210938 0.019531 0.195312 0.007812 0.154297 0.007812 0.136719 0.017578 0.115234 0.027344 0.068359 0.025391 0.062500
3 0.482422 0.000000 0.503906 0.031250 0.525391 0.095703 0.523438 0.130859 0.509766 0.175781 0.515625 0.207031 0.513672 0.257812 0.501953 0.279297 0.501953 0.296875 0.513672 0.326172 0.515625 0.378906 0.519531 0.371094 0.517578 0.316406 0.523438 0.285156 0.533203 0.269531 0.535156 0.248047 0.544922 0.224609 0.570312 0.189453 0.566406 0.146484 0.550781 0.121094 0.544922 0.099609 0.533203 0.085938 0.529297 0.058594 0.519531 0.037109 0.503906 0.017578 0.501953 0.001953
