0 0.218750 0.204633 0.208984 0.212355 0.205078 0.220077 0.205078 0.227799 0.203125 0.229730 0.205078 0.231660 0.205078 0.239382 0.208984 0.247104 0.218750 0.254826 0.236328 0.254826 0.246094 0.247104 0.250000 0.239382 0.250000 0.220077 0.246094 0.212355 0.236328 0.204633
0 0.503906 0.206564 0.496094 0.210425 0.490234 0.216216 0.486328 0.223938 0.486328 0.241313 0.490234 0.249035 0.496094 0.254826 0.503906 0.258687 0.521484 0.258687 0.529297 0.254826 0.535156 0.249035 0.539062 0.241313 0.539062 0.223938 0.535156 0.216216 0.529297 0.210425 0.521484 0.206564
0 0.691406 0.252896 0.693359 0.256757 0.703125 0.264479 0.726562 0.264479 0.736328 0.256757 0.736328 0.249035 0.726562 0.241313 0.703125 0.241313 0.699219 0.243243
0 0.593750 0.256757 0.585938 0.260618 0.580078 0.266409 0.576172 0.274131 0.576172 0.291506 0.580078 0.299228 0.585938 0.305019 0.593750 0.308880 0.613281 0.308880 0.621094 0.305019 0.626953 0.299228 0.630859 0.291506 0.630859 0.274131 0.626953 0.266409 0.621094 0.260618 0.613281 0.256757
0 0.750000 0.262548 0.738281 0.268340 0.726562 0.283784 0.726562 0.287645 0.724609 0.289575 0.724609 0.314672 0.728516 0.324324 0.738281 0.335907 0.750000 0.341699 0.769531 0.341699 0.781250 0.335907 0.792969 0.320463 0.792969 0.316602 0.794922 0.314672 0.794922 0.289575 0.791016 0.279923 0.781250 0.268340 0.769531 0.262548
0 0.265625 0.303089 0.255859 0.314672 0.255859 0.320463 0.253906 0.322394 0.255859 0.324324 0.257812 0.333977 0.269531 0.343629 0.289062 0.343629 0.292969 0.341699 0.302734 0.330116 0.302734 0.314672 0.300781 0.310811 0.289062 0.301158 0.269531 0.301158
0 0.191406 0.322394 0.187500 0.324324 0.185547 0.328185 0.185547 0.341699 0.187500 0.345560 0.191406 0.347490 0.199219 0.347490 0.203125 0.345560 0.205078 0.341699 0.205078 0.328185 0.203125 0.324324 0.199219 0.322394
0 0.099609 0.370656 0.095703 0.372587 0.089844 0.380309 0.089844 0.393822 0.091797 0.397683 0.099609 0.403475 0.113281 0.403475 0.117188 0.401544 0.123047 0.393822 0.123047 0.380309 0.121094 0.376448 0.113281 0.370656
0 0.587891 0.366795 0.580078 0.374517 0.576172 0.382239 0.576172 0.403475 0.580078 0.411197 0.587891 0.418919 0.603516 0.418919 0.611328 0.411197 0.615234 0.403475 0.615234 0.382239 0.611328 0.374517 0.603516 0.366795
0 0.250000 0.388031 0.244141 0.391892 0.238281 0.399614 0.238281 0.416988 0.242188 0.422780 0.250000 0.428571 0.267578 0.428571 0.273438 0.424710 0.279297 0.416988 0.279297 0.399614 0.275391 0.393822 0.267578 0.388031
0 0.197266 0.422780 0.195312 0.432432 0.193359 0.434363 0.195312 0.436293 0.195312 0.442085 0.201172 0.449807 0.208984 0.453668 0.224609 0.453668 0.236328 0.445946 0.238281 0.442085 0.238281 0.426641 0.232422 0.418919 0.224609 0.415058 0.208984 0.415058
0 0.095703 0.444015 0.093750 0.453668 0.091797 0.455598 0.093750 0.457529 0.093750 0.463320 0.099609 0.471042 0.107422 0.474903 0.123047 0.474903 0.134766 0.467181 0.136719 0.463320 0.136719 0.447876 0.130859 0.440154 0.123047 0.436293 0.107422 0.436293
0 0.000000 0.544402 0.000000 0.563707 0.003906 0.565637 0.027344 0.565637 0.037109 0.557915 0.037109 0.550193 0.027344 0.542471 0.003906 0.542471
0 0.146484 0.596525 0.146484 0.606178 0.152344 0.611969 0.160156 0.615830 0.187500 0.615830 0.195312 0.611969 0.201172 0.606178 0.201172 0.596525 0.195312 0.590734 0.187500 0.586873 0.160156 0.586873 0.152344 0.590734
0 0.380859 0.669884 0.369141 0.679537 0.365234 0.687259 0.365234 0.708494 0.369141 0.716216 0.376953 0.723938 0.380859 0.725869 0.396484 0.725869 0.408203 0.716216 0.412109 0.708494 0.412109 0.687259 0.408203 0.679537 0.400391 0.671815 0.396484 0.669884
0 0.914062 0.716216 0.904297 0.722008 0.894531 0.735521 0.894531 0.756757 0.900391 0.766409 0.914062 0.776062 0.935547 0.776062 0.945312 0.770270 0.955078 0.756757 0.955078 0.735521 0.949219 0.725869 0.935547 0.716216
0 0.445312 0.777992 0.435547 0.783784 0.429688 0.793436 0.429688 0.810811 0.435547 0.820463 0.445312 0.826255 0.462891 0.826255 0.472656 0.820463 0.478516 0.810811 0.478516 0.793436 0.472656 0.783784 0.462891 0.777992
0 0.166016 0.893822 0.154297 0.901544 0.148438 0.916988 0.150391 0.918919 0.150391 0.924710 0.158203 0.936293 0.166016 0.940154 0.181641 0.940154 0.193359 0.932432 0.197266 0.924710 0.197266 0.909266 0.189453 0.897683 0.181641 0.893822
0 0.802734 0.891892 0.794922 0.895753 0.783203 0.909266 0.783203 0.913127 0.781250 0.915058 0.781250 0.936293 0.785156 0.945946 0.794922 0.955598 0.802734 0.959459 0.820312 0.959459 0.828125 0.955598 0.839844 0.942085 0.839844 0.938224 0.841797 0.936293 0.841797 0.915058 0.837891 0.905405 0.828125 0.895753 0.820312 0.891892
0 0.033203 0.940154 0.029297 0.942085 0.019531 0.953668 0.019531 0.961390 0.017578 0.963320 0.019531 0.965251 0.019531 0.972973 0.021484 0.976834 0.033203 0.986486 0.048828 0.986486 0.052734 0.984556 0.062500 0.972973 0.062500 0.953668 0.060547 0.949807 0.048828 0.940154
0 0.468750 0.944015 0.464844 0.945946 0.457031 0.955598 0.457031 0.961390 0.455078 0.963320 0.457031 0.965251 0.457031 0.971042 0.458984 0.974903 0.468750 0.982625 0.482422 0.982625 0.486328 0.980695 0.494141 0.971042 0.494141 0.955598 0.492188 0.951737 0.482422 0.944015
1 0.736328 0.086873 0.726562 0.086873 0.720703 0.092664 0.716797 0.106178 0.708984 0.111969 0.687500 0.117761 0.675781 0.125483 0.673828 0.138996 0.664062 0.146718 0.660156 0.164093 0.654297 0.167954 0.650391 0.181467 0.652344 0.225869 0.660156 0.245174 0.675781 0.260618 0.675781 0.266409 0.740234 0.266409 0.761719 0.249035 0.783203 0.247104 0.802734 0.239382 0.812500 0.220077 0.814453 0.191120 0.798828 0.131274 0.757812 0.098456 0.738281 0.090734
1 0.232422 0.106178 0.201172 0.108108 0.164062 0.131274 0.125000 0.183398 0.115234 0.206564 0.115234 0.243243 0.126953 0.268340 0.138672 0.279923 0.199219 0.279923 0.314453 0.243243 0.324219 0.237452 0.328125 0.229730 0.328125 0.210425 0.300781 0.166023 0.269531 0.150579 0.251953 0.121622
1 0.474609 0.121622 0.462891 0.121622 0.443359 0.129344 0.431641 0.142857 0.419922 0.146718 0.406250 0.160232 0.398438 0.185328 0.396484 0.245174 0.400391 0.264479 0.402344 0.318533 0.414062 0.326255 0.427734 0.343629 0.449219 0.345560 0.486328 0.330116 0.488281 0.332046 0.486328 0.320463 0.490234 0.308880 0.486328 0.301158 0.486328 0.285714 0.490234 0.277992 0.509766 0.266409 0.525391 0.262548 0.550781 0.223938 0.550781 0.181467 0.529297 0.146718 0.509766 0.133205 0.490234 0.129344
1 0.634766 0.231660 0.585938 0.222008 0.566406 0.222008 0.556641 0.229730 0.541016 0.258687 0.509766 0.277992 0.498047 0.289575 0.492188 0.308880 0.494141 0.326255 0.513672 0.343629 0.525391 0.364865 0.558594 0.376448 0.560547 0.384170 0.576172 0.372587 0.605469 0.361004 0.617188 0.345560 0.632812 0.335907 0.640625 0.322394 0.640625 0.314672 0.662109 0.289575 0.662109 0.281853 0.650391 0.252896
1 0.339844 0.241313 0.210938 0.281853 0.205078 0.297297 0.205078 0.324324 0.208984 0.337838 0.236328 0.357143 0.273438 0.366795 0.306641 0.368726 0.328125 0.362934 0.341797 0.349421 0.339844 0.326255 0.345703 0.297297 0.345703 0.254826
1 0.091797 0.295367 0.091797 0.306950 0.103516 0.322394 0.123047 0.368726 0.128906 0.372587 0.136719 0.370656 0.146484 0.359073 0.167969 0.349421 0.203125 0.349421 0.207031 0.343629 0.199219 0.291506 0.177734 0.291506 0.140625 0.281853 0.105469 0.281853 0.097656 0.285714
1 0.707031 0.268340 0.705078 0.276062 0.677734 0.285714 0.646484 0.314672 0.619141 0.362934 0.617188 0.415058 0.621094 0.416988 0.623047 0.430502 0.630859 0.442085 0.638672 0.471042 0.660156 0.498069 0.736328 0.525097 0.753906 0.525097 0.763672 0.528958 0.810547 0.528958 0.853516 0.503861 0.869141 0.498069 0.876953 0.492278 0.878906 0.484556 0.875000 0.445946 0.882812 0.428571 0.880859 0.388031 0.869141 0.353282 0.869141 0.343629 0.865234 0.339768 0.857422 0.285714 0.847656 0.272201 0.796875 0.256757 0.751953 0.256757 0.740234 0.268340
1 0.115234 0.357143 0.095703 0.357143 0.083984 0.353282 0.042969 0.355212 0.023438 0.364865 0.015625 0.382239 0.017578 0.426641 0.023438 0.438224 0.042969 0.453668 0.060547 0.453668 0.074219 0.444015 0.101562 0.415058 0.119141 0.407336 0.125000 0.401544 0.125000 0.380309 0.121094 0.364865
1 0.201172 0.357143 0.195312 0.376448 0.197266 0.391892 0.210938 0.405405 0.230469 0.407336 0.240234 0.418919 0.244141 0.438224 0.238281 0.445946 0.238281 0.457529 0.250000 0.472973 0.251953 0.482625 0.277344 0.503861 0.291016 0.523166 0.310547 0.528958 0.318359 0.517375 0.320312 0.501931 0.330078 0.490347 0.339844 0.426641 0.351562 0.407336 0.351562 0.393822 0.337891 0.361004 0.333984 0.364865 0.298828 0.372587 0.259766 0.372587 0.228516 0.357143 0.210938 0.353282
1 0.429688 0.359073 0.416016 0.384170 0.423828 0.409266 0.423828 0.422780 0.433594 0.444015 0.468750 0.474903 0.482422 0.482625 0.490234 0.482625 0.501953 0.492278 0.507812 0.492278 0.527344 0.505792 0.583984 0.532819 0.597656 0.532819 0.628906 0.507722 0.628906 0.488417 0.636719 0.476834 0.609375 0.416988 0.617188 0.403475 0.617188 0.384170 0.611328 0.368726 0.576172 0.374517 0.564453 0.384170 0.558594 0.397683 0.531250 0.378378 0.515625 0.357143 0.496094 0.341699 0.462891 0.341699 0.441406 0.349421
1 0.160156 0.357143 0.152344 0.362934 0.146484 0.374517 0.132812 0.384170 0.130859 0.409266 0.136719 0.416988 0.138672 0.445946 0.156250 0.492278 0.158203 0.513514 0.162109 0.515444 0.166016 0.527027 0.179688 0.538610 0.185547 0.555985 0.193359 0.563707 0.263672 0.563707 0.289062 0.559846 0.308594 0.544402 0.308594 0.540541 0.294922 0.536680 0.279297 0.517375 0.269531 0.515444 0.261719 0.505792 0.261719 0.496139 0.232422 0.482625 0.232422 0.455598 0.238281 0.436293 0.234375 0.418919 0.222656 0.411197 0.201172 0.409266 0.193359 0.401544 0.187500 0.389961 0.187500 0.355212
1 0.111328 0.415058 0.078125 0.451737 0.062500 0.461390 0.062500 0.503861 0.070312 0.521236 0.103516 0.546332 0.125000 0.554054 0.160156 0.555985 0.169922 0.548263 0.169922 0.540541 0.152344 0.517375 0.148438 0.488417 0.138672 0.461390 0.134766 0.428571 0.125000 0.413127
2 0.000000 0.527027 0.000000 0.581081 0.027344 0.586873 0.060547 0.586873 0.078125 0.581081 0.074219 0.567568 0.054688 0.557915 0.046875 0.550193 0.044922 0.542471 0.025391 0.527027
2 0.103516 0.590734 0.111328 0.602317 0.125000 0.610039 0.187500 0.629344 0.244141 0.631274 0.248047 0.627413 0.248047 0.615830 0.228516 0.588803 0.212891 0.575290 0.193359 0.569498 0.191406 0.565637 0.175781 0.567568 0.146484 0.563707 0.128906 0.571429 0.119141 0.586873
1 0.478516 0.660232 0.449219 0.613900 0.421875 0.606178 0.402344 0.592664 0.359375 0.586873 0.333984 0.590734 0.304688 0.613900 0.279297 0.621622 0.242188 0.640927 0.203125 0.673745 0.189453 0.702703 0.191406 0.739382 0.214844 0.776062 0.253906 0.791506 0.275391 0.806950 0.300781 0.805019 0.312500 0.808880 0.359375 0.808880 0.373047 0.797297 0.378906 0.766409 0.390625 0.741313 0.423828 0.714286 0.431641 0.700772 0.439453 0.696911 0.466797 0.694981 0.462891 0.693050 0.480469 0.681467
1 0.880859 0.669884 0.851562 0.669884 0.837891 0.691120 0.828125 0.693050 0.800781 0.712355 0.785156 0.716216 0.781250 0.722008 0.783203 0.764479 0.796875 0.781853 0.816406 0.824324 0.830078 0.832046 0.849609 0.824324 0.871094 0.797297 0.931641 0.777992 0.947266 0.776062 0.958984 0.768340 0.964844 0.735521 0.958984 0.720077 0.945312 0.712355 0.937500 0.700772 0.912109 0.691120 0.896484 0.677606
1 0.544922 0.743243 0.539062 0.735521 0.515625 0.722008 0.490234 0.691120 0.482422 0.693050 0.457031 0.712355 0.423828 0.720077 0.417969 0.723938 0.410156 0.741313 0.384766 0.777992 0.384766 0.799228 0.392578 0.822394 0.404297 0.830116 0.416016 0.826255 0.466797 0.835907 0.488281 0.835907 0.529297 0.820463 0.539062 0.810811 0.544922 0.797297 0.548828 0.776062
1 0.089844 0.837838 0.089844 0.849421 0.080078 0.870656 0.080078 0.922780 0.097656 0.963320 0.111328 0.982625 0.117188 0.984556 0.126953 0.996139 0.287109 0.998069 0.304688 0.976834 0.312500 0.961390 0.312500 0.938224 0.302734 0.916988 0.302734 0.895753 0.291016 0.874517 0.285156 0.847490 0.259766 0.820463 0.187500 0.799228 0.191406 0.805019 0.199219 0.806950 0.199219 0.810811 0.167969 0.814672 0.162109 0.818533 0.144531 0.818533 0.123047 0.828185 0.095703 0.832046
1 0.583984 0.907336 0.544922 0.886100 0.531250 0.882239 0.494141 0.878378 0.466797 0.886100 0.460938 0.889961 0.455078 0.909266 0.441406 0.934363 0.437500 0.965251 0.455078 0.982625 0.500000 0.986486 0.509766 0.978764 0.523438 0.974903 0.531250 0.967181 0.570312 0.951737 0.583984 0.932432
1 0.000000 0.872587 0.000000 0.998069 0.099609 0.998069 0.078125 0.944015 0.074219 0.918919 0.064453 0.901544 0.033203 0.880309
1 0.921875 0.957529 0.873047 0.938224 0.859375 0.924710 0.845703 0.897683 0.843750 0.882239 0.830078 0.845560 0.802734 0.853282 0.787109 0.853282 0.783203 0.870656 0.775391 0.884170 0.753906 0.899614 0.710938 0.907336 0.666016 0.903475 0.660156 0.909266 0.666016 0.938224 0.664062 0.965251 0.671875 0.976834 0.677734 0.998069 0.845703 0.998069 0.853516 0.984556 0.861328 0.978764 0.904297 0.971042 0.906250 0.967181 0.917969 0.965251
3 0.998047 0.928571 0.957031 0.957529 0.947266 0.953668 0.929688 0.957529 0.955078 0.980695 0.955078 0.998069 0.998047 0.998069
3 0.998047 0.648649 0.986328 0.667954 0.986328 0.702703 0.972656 0.727799 0.966797 0.774131 0.968750 0.781853 0.988281 0.781853 0.998047 0.789575
3 0.105469 0.604247 0.095703 0.608108 0.093750 0.625483 0.097656 0.638996 0.087891 0.662162 0.085938 0.681467 0.109375 0.689189 0.146484 0.714286 0.146484 0.762548 0.140625 0.785714 0.125000 0.799228 0.085938 0.806950 0.054688 0.806950 0.039062 0.801158 0.009766 0.799228 0.000000 0.793436 0.000000 0.855212 0.019531 0.864865 0.041016 0.868726 0.048828 0.880309 0.070312 0.893822 0.072266 0.866795 0.083984 0.833977 0.093750 0.824324 0.138672 0.812741 0.173828 0.795367 0.230469 0.801158 0.226562 0.789575 0.210938 0.783784 0.195312 0.768340 0.179688 0.741313 0.187500 0.681467 0.210938 0.638996 0.123047 0.613900
3 0.236328 0.092664 0.232422 0.100386 0.273438 0.138996 0.298828 0.152510 0.320312 0.175676 0.347656 0.225869 0.351562 0.287645 0.343750 0.343629 0.347656 0.372587 0.359375 0.397683 0.359375 0.424710 0.347656 0.447876 0.333984 0.500000 0.333984 0.538610 0.277344 0.571429 0.265625 0.567568 0.250000 0.567568 0.246094 0.571429 0.228516 0.567568 0.224609 0.577220 0.240234 0.586873 0.244141 0.602317 0.257812 0.619691 0.263672 0.619691 0.275391 0.608108 0.312500 0.596525 0.353516 0.571429 0.369141 0.581081 0.453125 0.608108 0.484375 0.666023 0.505859 0.693050 0.552734 0.725869 0.568359 0.766409 0.566406 0.789575 0.544922 0.824324 0.525391 0.835907 0.482422 0.845560 0.394531 0.837838 0.357422 0.820463 0.320312 0.830116 0.332031 0.816602 0.246094 0.806950 0.279297 0.826255 0.294922 0.861004 0.298828 0.861004 0.298828 0.841699 0.304688 0.835907 0.310547 0.837838 0.304688 0.841699 0.308594 0.922780 0.316406 0.938224 0.312500 0.986486 0.322266 0.998069 0.388672 0.996139 0.402344 0.972973 0.423828 0.965251 0.445312 0.893822 0.462891 0.880309 0.482422 0.876448 0.492188 0.868726 0.511719 0.868726 0.535156 0.876448 0.564453 0.878378 0.587891 0.889961 0.599609 0.903475 0.607422 0.920849 0.607422 0.936293 0.615234 0.949807 0.611328 0.969112 0.613281 0.990347 0.619141 0.998069 0.656250 0.998069 0.648438 0.969112 0.656250 0.940154 0.652344 0.884170 0.656250 0.816602 0.662109 0.803089 0.689453 0.776062 0.705078 0.745174 0.738281 0.733591 0.753906 0.720077 0.794922 0.712355 0.830078 0.687259 0.843750 0.667954 0.888672 0.638996 0.894531 0.631274 0.902344 0.600386 0.921875 0.581081 0.947266 0.567568 0.986328 0.567568 0.998047 0.563707 0.998047 0.544402 0.986328 0.538610 0.966797 0.517375 0.955078 0.484556 0.933594 0.447876 0.919922 0.436293 0.908203 0.409266 0.900391 0.372587 0.900391 0.345560 0.882812 0.289575 0.880859 0.247104 0.875000 0.231660 0.875000 0.204633 0.880859 0.187259 0.876953 0.150579 0.851562 0.133205 0.824219 0.131274 0.818359 0.137066 0.818359 0.200772 0.824219 0.222008 0.822266 0.247104 0.855469 0.266409 0.869141 0.285714 0.878906 0.330116 0.896484 0.370656 0.896484 0.407336 0.886719 0.449807 0.888672 0.542471 0.882812 0.557915 0.869141 0.573359 0.855469 0.579151 0.839844 0.579151 0.792969 0.606178 0.689453 0.617761 0.658203 0.608108 0.630859 0.590734 0.621094 0.579151 0.593750 0.561776 0.585938 0.542471 0.552734 0.527027 0.542969 0.515444 0.457031 0.480695 0.443359 0.471042 0.439453 0.459459 0.421875 0.445946 0.414062 0.407336 0.414062 0.347490 0.400391 0.333977 0.388672 0.295367 0.388672 0.198842 0.376953 0.144788 0.337891 0.111969 0.285156 0.110039
3 0.675781 0.011583 0.695312 0.015444 0.740234 0.042471 0.759766 0.063707 0.763672 0.077220 0.787109 0.108108 0.835938 0.121622 0.863281 0.121622 0.869141 0.115830 0.886719 0.081081 0.888672 0.057915 0.898438 0.042471 0.898438 0.027027 0.894531 0.023166 0.855469 0.011583
