0 0.666016 0.000000 0.666016 0.009766 0.669922 0.017578 0.683594 0.027344 0.705078 0.027344 0.714844 0.021484 0.722656 0.009766 0.722656 0.000000
0 0.357422 0.107422 0.353516 0.109375 0.341797 0.123047 0.341797 0.130859 0.339844 0.132812 0.341797 0.134766 0.341797 0.142578 0.343750 0.146484 0.357422 0.158203 0.375000 0.158203 0.378906 0.156250 0.390625 0.142578 0.390625 0.123047 0.388672 0.119141 0.375000 0.107422
0 0.869141 0.123047 0.865234 0.125000 0.853516 0.138672 0.853516 0.146484 0.851562 0.148438 0.853516 0.150391 0.853516 0.158203 0.855469 0.162109 0.869141 0.173828 0.888672 0.173828 0.892578 0.171875 0.904297 0.158203 0.904297 0.138672 0.902344 0.134766 0.888672 0.123047
0 0.681641 0.125000 0.671875 0.130859 0.662109 0.144531 0.662109 0.166016 0.667969 0.175781 0.681641 0.185547 0.703125 0.185547 0.712891 0.179688 0.722656 0.166016 0.722656 0.144531 0.716797 0.134766 0.703125 0.125000
0 0.892578 0.228516 0.890625 0.238281 0.888672 0.240234 0.890625 0.242188 0.890625 0.248047 0.900391 0.259766 0.908203 0.263672 0.929688 0.263672 0.937500 0.259766 0.947266 0.248047 0.947266 0.232422 0.945312 0.228516 0.937500 0.220703 0.929688 0.216797 0.908203 0.216797 0.900391 0.220703
0 0.001953 0.222656 0.000000 0.224609 0.000000 0.277344 0.001953 0.279297 0.021484 0.279297 0.029297 0.275391 0.039062 0.265625 0.039062 0.261719 0.041016 0.259766 0.041016 0.242188 0.037109 0.234375 0.029297 0.226562 0.021484 0.222656
0 0.904297 0.341797 0.894531 0.347656 0.886719 0.359375 0.886719 0.367188 0.884766 0.369141 0.886719 0.371094 0.886719 0.378906 0.892578 0.388672 0.904297 0.396484 0.923828 0.396484 0.933594 0.390625 0.941406 0.378906 0.941406 0.359375 0.935547 0.349609 0.923828 0.341797
0 0.425781 0.492188 0.414062 0.498047 0.404297 0.509766 0.402344 0.523438 0.400391 0.525391 0.402344 0.527344 0.402344 0.535156 0.404297 0.537109 0.404297 0.541016 0.414062 0.552734 0.425781 0.558594 0.447266 0.558594 0.458984 0.552734 0.468750 0.541016 0.468750 0.537109 0.470703 0.535156 0.470703 0.515625 0.468750 0.513672 0.468750 0.509766 0.458984 0.498047 0.447266 0.492188
0 0.910156 0.515625 0.896484 0.527344 0.892578 0.535156 0.892578 0.556641 0.896484 0.564453 0.906250 0.574219 0.910156 0.576172 0.929688 0.576172 0.943359 0.564453 0.947266 0.556641 0.947266 0.535156 0.943359 0.527344 0.933594 0.517578 0.929688 0.515625
0 0.376953 0.603516 0.369141 0.607422 0.361328 0.615234 0.357422 0.623047 0.357422 0.644531 0.361328 0.652344 0.369141 0.660156 0.376953 0.664062 0.396484 0.664062 0.404297 0.660156 0.412109 0.652344 0.416016 0.644531 0.416016 0.623047 0.412109 0.615234 0.404297 0.607422 0.396484 0.603516
0 0.888672 0.632812 0.884766 0.634766 0.876953 0.644531 0.876953 0.662109 0.878906 0.666016 0.888672 0.673828 0.904297 0.673828 0.908203 0.671875 0.916016 0.662109 0.916016 0.644531 0.914062 0.640625 0.904297 0.632812
0 0.716797 0.671875 0.705078 0.685547 0.705078 0.703125 0.707031 0.707031 0.716797 0.716797 0.720703 0.716797 0.722656 0.718750 0.740234 0.718750 0.742188 0.716797 0.746094 0.716797 0.757812 0.703125 0.757812 0.685547 0.755859 0.681641 0.746094 0.671875 0.742188 0.671875 0.740234 0.669922 0.722656 0.669922 0.720703 0.671875
0 0.003906 0.751953 0.000000 0.753906 0.000000 0.810547 0.003906 0.812500 0.023438 0.812500 0.037109 0.800781 0.041016 0.792969 0.041016 0.771484 0.037109 0.763672 0.027344 0.753906 0.023438 0.751953
0 0.720703 0.822266 0.716797 0.824219 0.708984 0.833984 0.708984 0.847656 0.710938 0.851562 0.720703 0.859375 0.734375 0.859375 0.738281 0.857422 0.746094 0.847656 0.746094 0.833984 0.744141 0.830078 0.734375 0.822266
0 0.785156 0.875000 0.779297 0.878906 0.773438 0.888672 0.773438 0.896484 0.771484 0.898438 0.773438 0.900391 0.773438 0.908203 0.779297 0.917969 0.785156 0.921875 0.800781 0.921875 0.806641 0.917969 0.812500 0.908203 0.812500 0.888672 0.806641 0.878906 0.800781 0.875000
0 0.470703 0.898438 0.466797 0.900391 0.460938 0.908203 0.460938 0.914062 0.458984 0.916016 0.460938 0.917969 0.460938 0.923828 0.462891 0.927734 0.470703 0.933594 0.482422 0.933594 0.486328 0.931641 0.492188 0.923828 0.492188 0.908203 0.490234 0.904297 0.482422 0.898438
0 0.541016 0.904297 0.537109 0.906250 0.533203 0.912109 0.533203 0.917969 0.531250 0.919922 0.533203 0.921875 0.533203 0.927734 0.537109 0.933594 0.541016 0.935547 0.552734 0.935547 0.556641 0.933594 0.560547 0.927734 0.560547 0.912109 0.556641 0.906250 0.552734 0.904297
0 0.634766 0.947266 0.626953 0.951172 0.621094 0.957031 0.619141 0.960938 0.619141 0.978516 0.626953 0.988281 0.634766 0.992188 0.652344 0.992188 0.660156 0.988281 0.666016 0.982422 0.667969 0.978516 0.667969 0.960938 0.660156 0.951172 0.652344 0.947266
1 0.544922 0.048828 0.554688 0.058594 0.568359 0.060547 0.582031 0.068359 0.603516 0.087891 0.626953 0.087891 0.634766 0.091797 0.650391 0.089844 0.654297 0.093750 0.667969 0.091797 0.675781 0.097656 0.728516 0.097656 0.736328 0.095703 0.746094 0.085938 0.763672 0.085938 0.783203 0.068359 0.800781 0.060547 0.814453 0.046875 0.814453 0.041016 0.832031 0.027344 0.833984 0.001953 0.558594 0.000000 0.552734 0.007812 0.552734 0.021484 0.556641 0.027344 0.546875 0.037109
1 0.976562 0.050781 0.941406 0.041016 0.916016 0.042969 0.912109 0.046875 0.853516 0.046875 0.841797 0.052734 0.814453 0.078125 0.792969 0.083984 0.787109 0.093750 0.789062 0.107422 0.781250 0.111328 0.777344 0.121094 0.765625 0.130859 0.757812 0.146484 0.759766 0.173828 0.771484 0.185547 0.765625 0.201172 0.765625 0.230469 0.771484 0.242188 0.771484 0.251953 0.789062 0.281250 0.810547 0.298828 0.828125 0.298828 0.851562 0.287109 0.890625 0.203125 0.912109 0.187500 0.921875 0.169922 0.939453 0.160156 0.949219 0.142578 0.976562 0.109375 0.988281 0.080078 0.988281 0.064453
2 0.646484 0.101562 0.638672 0.125000 0.630859 0.132812 0.623047 0.134766 0.613281 0.150391 0.613281 0.156250 0.625000 0.173828 0.654297 0.197266 0.658203 0.208984 0.666016 0.212891 0.742188 0.212891 0.751953 0.193359 0.750000 0.152344 0.753906 0.128906 0.750000 0.105469 0.742188 0.101562 0.701172 0.101562 0.687500 0.105469
1 0.453125 0.052734 0.443359 0.048828 0.421875 0.048828 0.406250 0.054688 0.371094 0.093750 0.341797 0.095703 0.333984 0.109375 0.332031 0.130859 0.326172 0.146484 0.314453 0.156250 0.302734 0.156250 0.279297 0.166016 0.261719 0.185547 0.251953 0.203125 0.259766 0.218750 0.220703 0.224609 0.210938 0.242188 0.212891 0.279297 0.232422 0.310547 0.259766 0.333984 0.279297 0.341797 0.304688 0.345703 0.312500 0.341797 0.341797 0.341797 0.386719 0.332031 0.414062 0.310547 0.419922 0.310547 0.431641 0.298828 0.447266 0.292969 0.460938 0.277344 0.462891 0.267578 0.474609 0.257812 0.484375 0.236328 0.484375 0.214844 0.488281 0.203125 0.492188 0.201172 0.494141 0.175781 0.501953 0.167969 0.501953 0.154297 0.496094 0.146484 0.498047 0.125000 0.472656 0.080078 0.457031 0.066406
2 0.000000 0.167969 0.000000 0.287109 0.029297 0.271484 0.042969 0.269531 0.052734 0.263672 0.068359 0.263672 0.076172 0.246094 0.070312 0.228516 0.044922 0.212891 0.019531 0.185547 0.005859 0.177734
1 0.921875 0.185547 0.896484 0.212891 0.886719 0.218750 0.880859 0.251953 0.871094 0.261719 0.871094 0.281250 0.876953 0.292969 0.916016 0.308594 0.962891 0.316406 0.978516 0.304688 0.992188 0.283203 0.992188 0.273438 0.998047 0.263672 0.998047 0.236328 0.986328 0.203125 0.972656 0.189453 0.960938 0.185547
1 0.812500 0.312500 0.812500 0.318359 0.794922 0.351562 0.800781 0.386719 0.845703 0.412109 0.863281 0.414062 0.878906 0.427734 0.894531 0.435547 0.927734 0.439453 0.939453 0.433594 0.947266 0.416016 0.964844 0.398438 0.984375 0.367188 0.984375 0.324219 0.974609 0.318359 0.929688 0.322266 0.908203 0.318359 0.882812 0.304688 0.845703 0.304688
1 0.535156 0.517578 0.517578 0.480469 0.486328 0.445312 0.457031 0.421875 0.431641 0.412109 0.396484 0.410156 0.349609 0.431641 0.328125 0.445312 0.318359 0.458984 0.271484 0.466797 0.269531 0.470703 0.253906 0.474609 0.224609 0.496094 0.216797 0.513672 0.216797 0.546875 0.226562 0.583984 0.244141 0.597656 0.289062 0.599609 0.310547 0.591797 0.376953 0.582031 0.396484 0.574219 0.388672 0.570312 0.396484 0.568359 0.408203 0.574219 0.417969 0.583984 0.419922 0.591797 0.437500 0.603516 0.478516 0.605469 0.507812 0.599609 0.531250 0.583984
1 0.808594 0.535156 0.810547 0.544922 0.832031 0.564453 0.878906 0.562500 0.894531 0.572266 0.916016 0.572266 0.929688 0.578125 0.958984 0.576172 0.976562 0.566406 0.982422 0.554688 0.982422 0.521484 0.978516 0.501953 0.962891 0.478516 0.958984 0.464844 0.949219 0.451172 0.939453 0.447266 0.900391 0.449219 0.890625 0.464844 0.873047 0.472656 0.857422 0.496094 0.828125 0.513672
1 0.744141 0.638672 0.746094 0.652344 0.765625 0.677734 0.794922 0.687500 0.816406 0.705078 0.826172 0.707031 0.855469 0.724609 0.896484 0.730469 0.929688 0.730469 0.951172 0.724609 0.978516 0.722656 0.992188 0.705078 0.990234 0.650391 0.984375 0.642578 0.947266 0.619141 0.914062 0.611328 0.902344 0.613281 0.890625 0.605469 0.865234 0.603516 0.861328 0.599609 0.816406 0.599609 0.791016 0.617188 0.761719 0.619141
1 0.402344 0.585938 0.375000 0.587891 0.361328 0.593750 0.328125 0.599609 0.289062 0.601562 0.277344 0.609375 0.283203 0.628906 0.279297 0.662109 0.310547 0.730469 0.320312 0.775391 0.326172 0.783203 0.332031 0.783203 0.353516 0.796875 0.373047 0.796875 0.384766 0.789062 0.417969 0.751953 0.421875 0.708984 0.416016 0.666016 0.427734 0.636719 0.427734 0.623047 0.416016 0.595703
1 0.775391 0.695312 0.742188 0.656250 0.724609 0.654297 0.712891 0.664062 0.685547 0.666016 0.664062 0.679688 0.628906 0.685547 0.615234 0.699219 0.611328 0.699219 0.605469 0.708984 0.613281 0.728516 0.634766 0.755859 0.658203 0.757812 0.683594 0.750000 0.699219 0.732422 0.720703 0.720703 0.748047 0.720703 0.773438 0.714844 0.777344 0.707031
1 0.109375 0.613281 0.058594 0.615234 0.039062 0.623047 0.037109 0.621094 0.025391 0.634766 0.013672 0.685547 0.000000 0.693359 0.000000 0.816406 0.013672 0.818359 0.029297 0.814453 0.060547 0.783203 0.103516 0.765625 0.134766 0.757812 0.146484 0.746094 0.146484 0.710938 0.134766 0.689453 0.128906 0.644531 0.123047 0.628906
1 0.658203 0.779297 0.660156 0.800781 0.679688 0.826172 0.687500 0.843750 0.707031 0.859375 0.798828 0.859375 0.824219 0.841797 0.828125 0.833984 0.832031 0.802734 0.822266 0.792969 0.792969 0.740234 0.781250 0.734375 0.720703 0.722656 0.705078 0.742188 0.695312 0.742188 0.683594 0.751953 0.675781 0.753906
1 0.658203 0.835938 0.646484 0.830078 0.601562 0.826172 0.552734 0.841797 0.505859 0.849609 0.498047 0.869141 0.498047 0.925781 0.503906 0.935547 0.505859 0.980469 0.507812 0.978516 0.511719 0.984375 0.519531 0.976562 0.539062 0.966797 0.560547 0.960938 0.576172 0.953125 0.585938 0.943359 0.623047 0.927734 0.654297 0.906250 0.662109 0.896484 0.667969 0.871094 0.667969 0.853516
1 0.458984 0.824219 0.447266 0.830078 0.435547 0.857422 0.419922 0.863281 0.396484 0.890625 0.394531 0.923828 0.402344 0.947266 0.404297 0.980469 0.410156 0.990234 0.425781 0.998047 0.496094 0.998047 0.498047 0.982422 0.492188 0.955078 0.501953 0.935547 0.492188 0.912109 0.492188 0.882812 0.496094 0.878906 0.498047 0.861328 0.492188 0.851562 0.480469 0.853516 0.474609 0.845703 0.470703 0.828125 0.466797 0.824219
1 0.707031 0.869141 0.679688 0.910156 0.669922 0.939453 0.669922 0.955078 0.681641 0.986328 0.691406 0.998047 0.773438 0.996094 0.800781 0.968750 0.804688 0.943359 0.820312 0.917969 0.822266 0.892578 0.818359 0.876953 0.810547 0.869141 0.792969 0.867188
1 0.667969 0.980469 0.667969 0.966797 0.652344 0.935547 0.626953 0.933594 0.605469 0.939453 0.589844 0.957031 0.556641 0.968750 0.554688 0.972656 0.531250 0.982422 0.519531 0.984375 0.503906 0.994141 0.498047 0.994141 0.498047 0.998047 0.673828 0.998047
3 0.832031 0.998047 0.818359 0.988281 0.810547 0.958984 0.796875 0.984375 0.789062 0.986328 0.779297 0.998047
3 0.798828 0.705078 0.800781 0.726562 0.830078 0.767578 0.853516 0.814453 0.853516 0.824219 0.839844 0.849609 0.839844 0.861328 0.847656 0.863281 0.847656 0.880859 0.876953 0.878906 0.896484 0.896484 0.900391 0.931641 0.896484 0.935547 0.898438 0.955078 0.892578 0.970703 0.900391 0.978516 0.902344 0.992188 0.964844 0.998047 0.992188 0.986328 0.996094 0.972656 0.984375 0.943359 0.980469 0.888672 0.988281 0.875000 0.992188 0.851562 0.994141 0.787109 0.986328 0.750000 0.990234 0.732422 0.976562 0.726562 0.943359 0.738281 0.855469 0.738281 0.824219 0.730469 0.816406 0.712891 0.810547 0.707031
3 0.160156 0.251953 0.123047 0.306641 0.113281 0.332031 0.111328 0.351562 0.091797 0.386719 0.062500 0.410156 0.011719 0.410156 0.000000 0.414062 0.000000 0.552734 0.013672 0.556641 0.025391 0.568359 0.074219 0.572266 0.087891 0.583984 0.115234 0.591797 0.126953 0.605469 0.136719 0.607422 0.144531 0.615234 0.158203 0.650391 0.189453 0.652344 0.210938 0.617188 0.205078 0.548828 0.207031 0.496094 0.177734 0.484375 0.164062 0.470703 0.136719 0.416016 0.134766 0.388672 0.128906 0.375000 0.128906 0.361328 0.134766 0.349609 0.195312 0.289062 0.197266 0.269531 0.179688 0.251953
3 0.544922 0.000000 0.275391 0.000000 0.281250 0.021484 0.291016 0.037109 0.292969 0.091797 0.285156 0.109375 0.267578 0.126953 0.255859 0.121094 0.242188 0.099609 0.236328 0.103516 0.238281 0.121094 0.248047 0.132812 0.251953 0.148438 0.240234 0.160156 0.230469 0.162109 0.234375 0.175781 0.228516 0.181641 0.242188 0.197266 0.253906 0.187500 0.253906 0.177734 0.287109 0.154297 0.296875 0.140625 0.326172 0.142578 0.332031 0.109375 0.341797 0.093750 0.363281 0.091797 0.365234 0.078125 0.398438 0.046875 0.435547 0.037109 0.468750 0.054688 0.472656 0.068359 0.505859 0.107422 0.503906 0.117188 0.513672 0.146484 0.505859 0.152344 0.511719 0.171875 0.507812 0.175781 0.507812 0.191406 0.496094 0.212891 0.498047 0.218750 0.490234 0.228516 0.492188 0.234375 0.500000 0.238281 0.519531 0.222656 0.548828 0.216797 0.572266 0.226562 0.523438 0.232422 0.511719 0.248047 0.492188 0.255859 0.480469 0.271484 0.410156 0.333984 0.353516 0.349609 0.351562 0.357422 0.361328 0.365234 0.361328 0.375000 0.349609 0.402344 0.337891 0.416016 0.279297 0.443359 0.250000 0.462891 0.207031 0.476562 0.208984 0.488281 0.224609 0.488281 0.236328 0.470703 0.255859 0.460938 0.300781 0.453125 0.349609 0.417969 0.373047 0.408203 0.414062 0.404297 0.453125 0.416016 0.505859 0.455078 0.539062 0.501953 0.544922 0.529297 0.542969 0.550781 0.554688 0.564453 0.542969 0.574219 0.539062 0.583984 0.539062 0.625000 0.550781 0.636719 0.556641 0.660156 0.554688 0.683594 0.539062 0.699219 0.486328 0.726562 0.453125 0.728516 0.437500 0.736328 0.419922 0.753906 0.400391 0.787109 0.378906 0.802734 0.257812 0.843750 0.228516 0.841797 0.205078 0.794922 0.199219 0.794922 0.183594 0.773438 0.169922 0.763672 0.150391 0.763672 0.134766 0.769531 0.097656 0.792969 0.058594 0.806641 0.048828 0.818359 0.033203 0.853516 0.013672 0.871094 0.013672 0.882812 0.001953 0.914062 0.001953 0.998047 0.400391 0.998047 0.390625 0.978516 0.390625 0.947266 0.386719 0.937500 0.390625 0.875000 0.398438 0.845703 0.414062 0.820312 0.443359 0.798828 0.462891 0.794922 0.486328 0.767578 0.533203 0.742188 0.539062 0.730469 0.552734 0.732422 0.582031 0.720703 0.597656 0.701172 0.621094 0.691406 0.628906 0.683594 0.658203 0.679688 0.685547 0.664062 0.714844 0.660156 0.726562 0.650391 0.728516 0.640625 0.740234 0.626953 0.779297 0.603516 0.791016 0.603516 0.789062 0.589844 0.796875 0.566406 0.796875 0.537109 0.808594 0.505859 0.808594 0.486328 0.816406 0.460938 0.814453 0.439453 0.820312 0.425781 0.820312 0.410156 0.808594 0.396484 0.800781 0.392578 0.783203 0.396484 0.769531 0.414062 0.761719 0.443359 0.734375 0.462891 0.734375 0.492188 0.742188 0.501953 0.740234 0.521484 0.744141 0.525391 0.728516 0.537109 0.718750 0.552734 0.691406 0.558594 0.595703 0.554688 0.535156 0.474609 0.533203 0.445312 0.542969 0.406250 0.542969 0.388672 0.527344 0.361328 0.525391 0.333984 0.529297 0.308594 0.542969 0.292969 0.542969 0.287109 0.556641 0.275391 0.576172 0.271484 0.582031 0.265625 0.607422 0.267578 0.632812 0.257812 0.648438 0.261719 0.675781 0.259766 0.693359 0.246094 0.689453 0.232422 0.669922 0.236328 0.667969 0.230469 0.656250 0.226562 0.582031 0.226562 0.597656 0.218750 0.605469 0.220703 0.613281 0.212891 0.625000 0.218750 0.632812 0.214844 0.644531 0.218750 0.650391 0.207031 0.634766 0.189453 0.607422 0.173828 0.599609 0.154297 0.605469 0.138672 0.603516 0.125000 0.626953 0.130859 0.632812 0.113281 0.617188 0.099609 0.615234 0.091797 0.601562 0.089844 0.580078 0.070312 0.556641 0.062500 0.542969 0.048828 0.541016 0.033203 0.546875 0.025391
3 0.000000 0.000000 0.000000 0.142578 0.005859 0.115234 0.021484 0.097656 0.066406 0.068359 0.103516 0.054688 0.121094 0.054688 0.123047 0.050781 0.140625 0.050781 0.154297 0.044922 0.189453 0.044922 0.201172 0.056641 0.210938 0.083984 0.220703 0.091797 0.230469 0.091797 0.226562 0.076172 0.193359 0.039062 0.203125 0.019531 0.218750 0.011719 0.220703 0.000000
