0 0.693359 0.015625 0.689453 0.025391 0.691406 0.027344 0.691406 0.031250 0.693359 0.035156 0.703125 0.042969 0.722656 0.042969 0.726562 0.041016 0.734375 0.031250 0.734375 0.019531 0.732422 0.015625 0.722656 0.007812 0.703125 0.007812
0 0.880859 0.052734 0.876953 0.054688 0.871094 0.062500 0.871094 0.068359 0.869141 0.070312 0.871094 0.072266 0.871094 0.078125 0.873047 0.082031 0.880859 0.087891 0.892578 0.087891 0.896484 0.085938 0.902344 0.078125 0.902344 0.062500 0.900391 0.058594 0.892578 0.052734
0 0.373047 0.064453 0.367188 0.070312 0.367188 0.074219 0.363281 0.082031 0.363281 0.097656 0.361328 0.099609 0.363281 0.101562 0.363281 0.117188 0.365234 0.119141 0.367188 0.128906 0.373047 0.134766 0.378906 0.134766 0.384766 0.128906 0.384766 0.125000 0.388672 0.117188 0.388672 0.082031 0.386719 0.080078 0.384766 0.070312 0.378906 0.064453
0 0.757812 0.087891 0.751953 0.091797 0.748047 0.099609 0.748047 0.117188 0.753906 0.126953 0.757812 0.128906 0.769531 0.128906 0.775391 0.125000 0.779297 0.117188 0.779297 0.099609 0.773438 0.089844 0.769531 0.087891
0 0.658203 0.111328 0.654297 0.117188 0.654297 0.125000 0.652344 0.126953 0.654297 0.128906 0.654297 0.136719 0.658203 0.142578 0.666016 0.142578 0.669922 0.136719 0.669922 0.117188 0.666016 0.111328
0 0.876953 0.144531 0.873047 0.146484 0.865234 0.156250 0.865234 0.162109 0.863281 0.164062 0.865234 0.166016 0.865234 0.171875 0.867188 0.175781 0.876953 0.183594 0.892578 0.183594 0.896484 0.181641 0.904297 0.171875 0.904297 0.156250 0.902344 0.152344 0.892578 0.144531
0 0.138672 0.160156 0.126953 0.167969 0.121094 0.183594 0.123047 0.185547 0.123047 0.191406 0.130859 0.203125 0.138672 0.207031 0.154297 0.207031 0.166016 0.199219 0.169922 0.191406 0.169922 0.175781 0.162109 0.164062 0.154297 0.160156
0 0.787109 0.173828 0.783203 0.175781 0.775391 0.185547 0.775391 0.191406 0.773438 0.193359 0.775391 0.195312 0.775391 0.201172 0.777344 0.205078 0.787109 0.212891 0.800781 0.212891 0.804688 0.210938 0.812500 0.201172 0.812500 0.185547 0.810547 0.181641 0.800781 0.173828
0 0.634766 0.197266 0.628906 0.208984 0.632812 0.218750 0.638672 0.222656 0.652344 0.222656 0.656250 0.220703 0.660156 0.214844 0.660156 0.203125 0.658203 0.199219 0.652344 0.195312 0.638672 0.195312
0 0.267578 0.228516 0.263672 0.230469 0.259766 0.236328 0.259766 0.242188 0.257812 0.244141 0.259766 0.246094 0.259766 0.251953 0.263672 0.257812 0.267578 0.259766 0.279297 0.259766 0.283203 0.257812 0.287109 0.251953 0.287109 0.236328 0.283203 0.230469 0.279297 0.228516
0 0.511719 0.228516 0.503906 0.236328 0.503906 0.242188 0.501953 0.244141 0.503906 0.246094 0.503906 0.251953 0.511719 0.259766 0.525391 0.259766 0.533203 0.251953 0.533203 0.236328 0.525391 0.228516
0 0.177734 0.253906 0.173828 0.255859 0.164062 0.267578 0.164062 0.275391 0.162109 0.277344 0.164062 0.279297 0.164062 0.287109 0.166016 0.291016 0.177734 0.300781 0.193359 0.300781 0.197266 0.298828 0.207031 0.287109 0.207031 0.267578 0.205078 0.263672 0.193359 0.253906
0 0.421875 0.292969 0.421875 0.306641 0.425781 0.312500 0.435547 0.318359 0.457031 0.318359 0.466797 0.312500 0.470703 0.306641 0.470703 0.292969 0.466797 0.287109 0.457031 0.281250 0.435547 0.281250 0.425781 0.287109
0 0.652344 0.300781 0.652344 0.310547 0.654297 0.314453 0.669922 0.322266 0.695312 0.322266 0.705078 0.318359 0.710938 0.314453 0.712891 0.310547 0.712891 0.300781 0.710938 0.296875 0.695312 0.289062 0.669922 0.289062 0.660156 0.292969 0.654297 0.296875
0 0.035156 0.314453 0.029297 0.320312 0.029297 0.333984 0.035156 0.339844 0.048828 0.339844 0.054688 0.333984 0.054688 0.320312 0.048828 0.314453
0 0.535156 0.328125 0.525391 0.337891 0.525391 0.355469 0.535156 0.365234 0.550781 0.365234 0.560547 0.355469 0.560547 0.337891 0.550781 0.328125
0 0.486328 0.341797 0.478516 0.351562 0.478516 0.365234 0.486328 0.375000 0.501953 0.375000 0.509766 0.365234 0.509766 0.351562 0.501953 0.341797
0 0.679688 0.378906 0.669922 0.386719 0.666016 0.394531 0.666016 0.402344 0.664062 0.404297 0.666016 0.406250 0.666016 0.414062 0.669922 0.421875 0.675781 0.427734 0.679688 0.429688 0.695312 0.429688 0.705078 0.421875 0.708984 0.414062 0.708984 0.394531 0.705078 0.386719 0.699219 0.380859 0.695312 0.378906
0 0.175781 0.396484 0.171875 0.398438 0.162109 0.410156 0.162109 0.427734 0.164062 0.431641 0.175781 0.441406 0.191406 0.441406 0.195312 0.439453 0.205078 0.427734 0.205078 0.410156 0.203125 0.406250 0.191406 0.396484
0 0.722656 0.486328 0.722656 0.500000 0.734375 0.509766 0.753906 0.509766 0.765625 0.500000 0.765625 0.486328 0.753906 0.476562 0.734375 0.476562
0 0.156250 0.484375 0.150391 0.490234 0.150391 0.496094 0.148438 0.498047 0.150391 0.500000 0.150391 0.505859 0.160156 0.513672 0.173828 0.513672 0.177734 0.511719 0.183594 0.505859 0.183594 0.490234 0.173828 0.482422 0.160156 0.482422
0 0.265625 0.494141 0.257812 0.501953 0.257812 0.505859 0.255859 0.507812 0.257812 0.509766 0.257812 0.513672 0.265625 0.521484 0.283203 0.521484 0.291016 0.513672 0.291016 0.501953 0.283203 0.494141
0 0.638672 0.486328 0.634766 0.488281 0.625000 0.500000 0.625000 0.517578 0.634766 0.529297 0.638672 0.531250 0.652344 0.531250 0.656250 0.529297 0.666016 0.517578 0.666016 0.500000 0.656250 0.488281 0.652344 0.486328
0 0.380859 0.494141 0.376953 0.496094 0.367188 0.507812 0.367188 0.529297 0.376953 0.541016 0.380859 0.542969 0.394531 0.542969 0.398438 0.541016 0.408203 0.529297 0.408203 0.509766 0.406250 0.507812 0.406250 0.503906 0.398438 0.496094 0.394531 0.494141
0 0.853516 0.492188 0.849609 0.494141 0.837891 0.507812 0.837891 0.529297 0.849609 0.542969 0.853516 0.544922 0.869141 0.544922 0.873047 0.542969 0.884766 0.529297 0.884766 0.507812 0.873047 0.494141 0.869141 0.492188
0 0.671875 0.544922 0.667969 0.546875 0.660156 0.556641 0.660156 0.574219 0.662109 0.578125 0.671875 0.585938 0.687500 0.585938 0.691406 0.583984 0.699219 0.574219 0.699219 0.556641 0.697266 0.552734 0.687500 0.544922
0 0.486328 0.568359 0.478516 0.572266 0.470703 0.583984 0.470703 0.591797 0.468750 0.593750 0.470703 0.595703 0.470703 0.603516 0.478516 0.615234 0.486328 0.619141 0.501953 0.619141 0.509766 0.615234 0.517578 0.603516 0.517578 0.583984 0.509766 0.572266 0.501953 0.568359
0 0.765625 0.582031 0.755859 0.589844 0.751953 0.597656 0.751953 0.605469 0.750000 0.607422 0.751953 0.609375 0.751953 0.617188 0.755859 0.625000 0.765625 0.632812 0.783203 0.632812 0.792969 0.625000 0.796875 0.617188 0.796875 0.597656 0.792969 0.589844 0.783203 0.582031
0 0.603516 0.634766 0.599609 0.636719 0.589844 0.648438 0.589844 0.654297 0.587891 0.656250 0.589844 0.658203 0.589844 0.664062 0.591797 0.667969 0.603516 0.677734 0.621094 0.677734 0.625000 0.675781 0.634766 0.664062 0.634766 0.648438 0.632812 0.644531 0.621094 0.634766
0 0.687500 0.712891 0.675781 0.718750 0.666016 0.728516 0.662109 0.738281 0.662109 0.746094 0.660156 0.748047 0.662109 0.750000 0.662109 0.757812 0.666016 0.767578 0.675781 0.777344 0.687500 0.783203 0.710938 0.783203 0.722656 0.777344 0.732422 0.767578 0.736328 0.757812 0.736328 0.738281 0.732422 0.728516 0.722656 0.718750 0.710938 0.712891
0 0.550781 0.746094 0.544922 0.750000 0.541016 0.757812 0.541016 0.775391 0.546875 0.785156 0.550781 0.787109 0.562500 0.787109 0.568359 0.783203 0.572266 0.775391 0.572266 0.757812 0.566406 0.748047 0.562500 0.746094
0 0.619141 0.781250 0.613281 0.785156 0.607422 0.792969 0.607422 0.810547 0.611328 0.816406 0.619141 0.822266 0.636719 0.822266 0.642578 0.818359 0.648438 0.810547 0.648438 0.792969 0.644531 0.787109 0.636719 0.781250
0 0.414062 0.792969 0.404297 0.804688 0.404297 0.818359 0.406250 0.822266 0.417969 0.832031 0.437500 0.832031 0.441406 0.830078 0.451172 0.818359 0.451172 0.804688 0.449219 0.800781 0.437500 0.791016 0.417969 0.791016
0 0.205078 0.824219 0.197266 0.828125 0.189453 0.839844 0.189453 0.847656 0.187500 0.849609 0.189453 0.851562 0.189453 0.859375 0.197266 0.871094 0.205078 0.875000 0.220703 0.875000 0.228516 0.871094 0.236328 0.859375 0.236328 0.839844 0.228516 0.828125 0.220703 0.824219
0 0.621094 0.867188 0.617188 0.876953 0.621094 0.886719 0.628906 0.892578 0.646484 0.892578 0.654297 0.886719 0.656250 0.882812 0.656250 0.871094 0.650391 0.863281 0.646484 0.861328 0.628906 0.861328
0 0.460938 0.892578 0.457031 0.894531 0.449219 0.904297 0.449219 0.912109 0.447266 0.914062 0.449219 0.916016 0.449219 0.923828 0.451172 0.927734 0.460938 0.935547 0.474609 0.935547 0.478516 0.933594 0.486328 0.923828 0.486328 0.904297 0.484375 0.900391 0.474609 0.892578
0 0.234375 0.894531 0.222656 0.904297 0.218750 0.912109 0.218750 0.929688 0.222656 0.937500 0.230469 0.945312 0.234375 0.947266 0.253906 0.947266 0.265625 0.937500 0.269531 0.929688 0.269531 0.912109 0.265625 0.904297 0.257812 0.896484 0.253906 0.894531
1 0.666016 0.087891 0.677734 0.095703 0.693359 0.099609 0.707031 0.099609 0.742188 0.087891 0.767578 0.060547 0.785156 0.021484 0.789062 0.000000 0.654297 0.000000 0.662109 0.017578 0.675781 0.031250 0.664062 0.056641
1 0.937500 0.000000 0.900391 0.000000 0.886719 0.017578 0.867188 0.023438 0.849609 0.023438 0.841797 0.029297 0.859375 0.101562 0.873047 0.103516 0.884766 0.113281 0.890625 0.113281 0.906250 0.095703 0.927734 0.083984 0.941406 0.062500
1 0.796875 0.015625 0.775391 0.042969 0.769531 0.060547 0.761719 0.068359 0.757812 0.085938 0.746094 0.093750 0.740234 0.093750 0.732422 0.103516 0.738281 0.115234 0.755859 0.130859 0.781250 0.142578 0.796875 0.142578 0.816406 0.148438 0.830078 0.134766 0.849609 0.105469 0.847656 0.068359 0.841797 0.046875 0.830078 0.023438 0.822266 0.017578
2 0.375000 0.011719 0.367188 0.011719 0.359375 0.048828 0.357422 0.099609 0.353516 0.105469 0.353516 0.123047 0.361328 0.156250 0.357422 0.164062 0.367188 0.173828 0.373047 0.171875 0.380859 0.158203 0.394531 0.091797 0.394531 0.039062 0.384766 0.015625
1 0.595703 0.109375 0.591797 0.117188 0.591797 0.136719 0.607422 0.181641 0.658203 0.187500 0.669922 0.173828 0.679688 0.169922 0.703125 0.175781 0.714844 0.183594 0.724609 0.179688 0.724609 0.150391 0.708984 0.117188 0.667969 0.095703 0.646484 0.091797 0.613281 0.095703
1 0.857422 0.107422 0.849609 0.113281 0.833984 0.144531 0.845703 0.162109 0.849609 0.175781 0.851562 0.220703 0.847656 0.228516 0.845703 0.251953 0.855469 0.263672 0.869141 0.255859 0.873047 0.246094 0.873047 0.228516 0.886719 0.201172 0.900391 0.193359 0.919922 0.171875 0.914062 0.154297 0.906250 0.146484 0.910156 0.140625 0.902344 0.121094 0.890625 0.119141 0.880859 0.111328
1 0.162109 0.125000 0.142578 0.123047 0.111328 0.136719 0.103516 0.148438 0.074219 0.166016 0.072266 0.185547 0.078125 0.205078 0.078125 0.240234 0.083984 0.251953 0.097656 0.253906 0.117188 0.250000 0.152344 0.234375 0.187500 0.232422 0.195312 0.228516 0.189453 0.203125 0.189453 0.154297 0.183594 0.144531
1 0.781250 0.144531 0.765625 0.156250 0.751953 0.181641 0.748047 0.195312 0.748047 0.220703 0.763672 0.255859 0.812500 0.257812 0.818359 0.255859 0.841797 0.228516 0.845703 0.199219 0.841797 0.171875 0.832031 0.152344 0.810547 0.150391 0.796875 0.144531
1 0.193359 0.125000 0.187500 0.138672 0.197266 0.160156 0.203125 0.224609 0.208984 0.236328 0.228516 0.251953 0.232422 0.279297 0.240234 0.298828 0.251953 0.312500 0.261719 0.312500 0.283203 0.300781 0.312500 0.291016 0.322266 0.281250 0.326172 0.236328 0.322266 0.226562 0.322266 0.208984 0.308594 0.173828 0.287109 0.158203 0.275391 0.156250 0.265625 0.144531 0.251953 0.136719 0.208984 0.123047
1 0.746094 0.220703 0.732422 0.193359 0.720703 0.185547 0.691406 0.181641 0.658203 0.193359 0.623047 0.189453 0.605469 0.205078 0.605469 0.224609 0.615234 0.240234 0.628906 0.244141 0.660156 0.240234 0.718750 0.265625 0.736328 0.265625 0.740234 0.261719
1 0.472656 0.160156 0.441406 0.177734 0.419922 0.197266 0.417969 0.212891 0.423828 0.224609 0.445312 0.228516 0.462891 0.244141 0.478516 0.273438 0.478516 0.294922 0.490234 0.310547 0.511719 0.310547 0.515625 0.306641 0.513672 0.289062 0.531250 0.271484 0.531250 0.261719 0.541016 0.242188 0.539062 0.193359 0.529297 0.169922 0.515625 0.160156
1 0.207031 0.242188 0.158203 0.238281 0.123047 0.261719 0.107422 0.265625 0.078125 0.261719 0.074219 0.265625 0.070312 0.291016 0.080078 0.326172 0.080078 0.341797 0.095703 0.369141 0.113281 0.371094 0.115234 0.365234 0.148438 0.345703 0.166016 0.343750 0.207031 0.322266 0.251953 0.314453 0.234375 0.306641 0.224609 0.281250 0.220703 0.257812
2 0.626953 0.253906 0.619141 0.267578 0.617188 0.281250 0.636719 0.306641 0.630859 0.330078 0.617188 0.351562 0.619141 0.359375 0.626953 0.351562 0.634766 0.349609 0.646484 0.333984 0.675781 0.333984 0.693359 0.337891 0.707031 0.333984 0.753906 0.359375 0.750000 0.345703 0.740234 0.335938 0.738281 0.328125 0.740234 0.318359 0.746094 0.312500 0.744141 0.296875 0.726562 0.289062 0.716797 0.277344 0.691406 0.261719 0.681641 0.259766 0.660156 0.246094 0.646484 0.246094
2 0.039062 0.281250 0.025391 0.314453 0.015625 0.326172 0.003906 0.326172 0.001953 0.332031 0.025391 0.343750 0.054688 0.337891 0.064453 0.345703 0.066406 0.328125 0.056641 0.310547 0.052734 0.289062 0.044922 0.281250
1 0.560547 0.265625 0.542969 0.273438 0.525391 0.289062 0.521484 0.302734 0.509766 0.318359 0.509766 0.328125 0.517578 0.339844 0.519531 0.355469 0.529297 0.365234 0.542969 0.388672 0.580078 0.388672 0.593750 0.382812 0.607422 0.363281 0.621094 0.333984 0.623047 0.312500 0.607422 0.279297 0.582031 0.265625
2 0.199219 0.369141 0.189453 0.363281 0.146484 0.369141 0.109375 0.398438 0.103516 0.410156 0.103516 0.443359 0.111328 0.482422 0.125000 0.478516 0.134766 0.468750 0.138672 0.458984 0.167969 0.449219 0.187500 0.449219 0.208984 0.439453 0.207031 0.388672
1 0.707031 0.367188 0.695312 0.353516 0.667969 0.345703 0.646484 0.347656 0.628906 0.357422 0.546875 0.416016 0.527344 0.447266 0.527344 0.474609 0.542969 0.486328 0.568359 0.492188 0.615234 0.470703 0.662109 0.462891 0.701172 0.449219 0.714844 0.431641 0.716797 0.390625
1 0.777344 0.375000 0.751953 0.371094 0.716797 0.384766 0.718750 0.431641 0.708984 0.455078 0.695312 0.474609 0.695312 0.486328 0.703125 0.509766 0.716797 0.523438 0.734375 0.527344 0.742188 0.525391 0.750000 0.513672 0.771484 0.505859 0.777344 0.498047 0.783203 0.462891 0.787109 0.460938 0.794922 0.427734 0.794922 0.392578 0.787109 0.380859
1 0.814453 0.382812 0.802734 0.392578 0.798828 0.509766 0.806641 0.525391 0.824219 0.533203 0.833984 0.533203 0.880859 0.558594 0.890625 0.552734 0.898438 0.537109 0.898438 0.460938 0.875000 0.414062 0.853516 0.398438
2 0.197266 0.455078 0.152344 0.455078 0.140625 0.474609 0.115234 0.488281 0.113281 0.525391 0.123047 0.544922 0.132812 0.548828 0.148438 0.548828 0.156250 0.537109 0.181641 0.515625 0.203125 0.472656 0.203125 0.464844
1 0.681641 0.474609 0.662109 0.472656 0.658203 0.466797 0.630859 0.468750 0.611328 0.484375 0.587891 0.490234 0.566406 0.501953 0.560547 0.511719 0.560547 0.523438 0.566406 0.531250 0.585938 0.541016 0.595703 0.554688 0.621094 0.556641 0.640625 0.544922 0.650391 0.544922 0.693359 0.525391 0.699219 0.515625 0.699219 0.507812
1 0.226562 0.453125 0.220703 0.457031 0.195312 0.515625 0.177734 0.533203 0.158203 0.541016 0.146484 0.552734 0.136719 0.554688 0.130859 0.560547 0.134766 0.580078 0.150391 0.591797 0.191406 0.607422 0.218750 0.611328 0.263672 0.611328 0.312500 0.554688 0.322266 0.529297 0.322266 0.505859 0.314453 0.492188 0.267578 0.460938 0.240234 0.453125
1 0.732422 0.546875 0.722656 0.533203 0.695312 0.529297 0.660156 0.541016 0.652344 0.550781 0.626953 0.560547 0.607422 0.576172 0.607422 0.585938 0.617188 0.599609 0.625000 0.601562 0.650391 0.599609 0.677734 0.609375 0.683594 0.605469 0.730469 0.605469 0.736328 0.601562 0.740234 0.589844 0.740234 0.576172
1 0.464844 0.546875 0.460938 0.552734 0.460938 0.576172 0.466797 0.589844 0.466797 0.601562 0.472656 0.611328 0.472656 0.621094 0.490234 0.640625 0.511719 0.640625 0.517578 0.644531 0.542969 0.648438 0.560547 0.640625 0.582031 0.619141 0.587891 0.601562 0.587891 0.587891 0.574219 0.554688 0.562500 0.541016 0.533203 0.529297 0.501953 0.529297
1 0.753906 0.556641 0.744141 0.587891 0.744141 0.609375 0.755859 0.630859 0.796875 0.652344 0.808594 0.652344 0.812500 0.656250 0.824219 0.656250 0.837891 0.662109 0.863281 0.660156 0.880859 0.646484 0.886719 0.625000 0.886719 0.587891 0.876953 0.564453 0.857422 0.548828 0.822266 0.537109 0.789062 0.535156 0.769531 0.542969 0.759766 0.554688
1 0.404297 0.466797 0.369141 0.480469 0.361328 0.488281 0.353516 0.490234 0.343750 0.501953 0.333984 0.505859 0.326172 0.515625 0.310547 0.578125 0.296875 0.595703 0.291016 0.632812 0.308594 0.693359 0.324219 0.722656 0.341797 0.720703 0.390625 0.761719 0.412109 0.765625 0.449219 0.765625 0.482422 0.738281 0.482422 0.732422 0.490234 0.722656 0.490234 0.689453 0.482422 0.671875 0.482422 0.660156 0.476562 0.650391 0.468750 0.613281 0.455078 0.585938 0.453125 0.505859 0.433594 0.474609 0.419922 0.466797
2 0.675781 0.617188 0.646484 0.607422 0.609375 0.605469 0.595703 0.615234 0.589844 0.626953 0.568359 0.638672 0.562500 0.664062 0.583984 0.724609 0.593750 0.724609 0.601562 0.718750 0.603516 0.707031 0.611328 0.693359 0.628906 0.679688 0.646484 0.652344 0.677734 0.625000
1 0.695312 0.619141 0.679688 0.636719 0.646484 0.658203 0.636719 0.691406 0.636719 0.732422 0.673828 0.814453 0.728516 0.816406 0.755859 0.798828 0.765625 0.789062 0.769531 0.777344 0.779297 0.710938 0.777344 0.660156 0.767578 0.640625 0.759766 0.632812 0.714844 0.619141
1 0.533203 0.730469 0.517578 0.738281 0.494141 0.781250 0.470703 0.783203 0.466797 0.792969 0.466797 0.828125 0.488281 0.849609 0.517578 0.861328 0.550781 0.863281 0.556641 0.861328 0.572266 0.841797 0.583984 0.789062 0.583984 0.769531 0.578125 0.755859 0.564453 0.740234 0.550781 0.732422
1 0.597656 0.736328 0.587891 0.769531 0.585938 0.798828 0.580078 0.822266 0.580078 0.847656 0.583984 0.853516 0.605469 0.855469 0.619141 0.847656 0.669922 0.847656 0.681641 0.853516 0.722656 0.851562 0.724609 0.830078 0.707031 0.820312 0.677734 0.818359 0.658203 0.804688 0.646484 0.753906 0.632812 0.732422 0.623047 0.724609 0.617188 0.724609
2 0.359375 0.843750 0.359375 0.855469 0.369141 0.855469 0.380859 0.849609 0.406250 0.849609 0.419922 0.853516 0.435547 0.867188 0.443359 0.867188 0.468750 0.855469 0.472656 0.841797 0.458984 0.822266 0.460938 0.781250 0.451172 0.773438 0.402344 0.771484 0.394531 0.775391 0.386719 0.812500 0.373047 0.818359
2 0.205078 0.769531 0.187500 0.781250 0.173828 0.826172 0.173828 0.869141 0.183594 0.892578 0.234375 0.886719 0.248047 0.878906 0.251953 0.871094 0.251953 0.849609 0.232422 0.789062 0.222656 0.777344
1 0.585938 0.873047 0.585938 0.882812 0.601562 0.906250 0.601562 0.916016 0.611328 0.923828 0.634766 0.925781 0.699219 0.904297 0.697266 0.882812 0.679688 0.861328 0.621094 0.855469
2 0.496094 0.859375 0.480469 0.857422 0.447266 0.865234 0.441406 0.869141 0.431641 0.886719 0.429688 0.906250 0.439453 0.931641 0.468750 0.949219 0.503906 0.933594 0.505859 0.929688 0.533203 0.923828 0.544922 0.910156 0.542969 0.892578 0.531250 0.880859
1 0.353516 0.857422 0.343750 0.851562 0.326172 0.851562 0.287109 0.859375 0.253906 0.886719 0.222656 0.890625 0.208984 0.896484 0.189453 0.925781 0.189453 0.957031 0.197266 0.966797 0.250000 0.992188 0.271484 0.992188 0.304688 0.984375 0.326172 0.960938 0.333984 0.943359 0.339844 0.916016 0.355469 0.876953
3 0.412109 0.958984 0.404297 0.998047 0.468750 0.998047 0.470703 0.962891 0.460938 0.949219 0.433594 0.945312
3 0.046875 0.707031 0.048828 0.728516 0.052734 0.734375 0.074219 0.744141 0.095703 0.781250 0.123047 0.773438 0.183594 0.769531 0.216797 0.759766 0.246094 0.759766 0.296875 0.730469 0.308594 0.714844 0.308594 0.701172 0.294922 0.675781 0.287109 0.638672 0.265625 0.626953 0.216797 0.623047 0.177734 0.613281 0.146484 0.599609 0.126953 0.603516 0.121094 0.609375 0.125000 0.615234 0.095703 0.640625 0.074219 0.646484 0.054688 0.679688
3 0.761719 0.294922 0.750000 0.308594 0.748047 0.328125 0.767578 0.365234 0.775391 0.373047 0.785156 0.375000 0.794922 0.386719 0.808594 0.386719 0.820312 0.380859 0.833984 0.388672 0.853516 0.388672 0.867188 0.394531 0.882812 0.410156 0.882812 0.419922 0.896484 0.445312 0.902344 0.470703 0.906250 0.468750 0.906250 0.437500 0.927734 0.386719 0.972656 0.361328 0.998047 0.365234 0.998047 0.285156 0.974609 0.287109 0.955078 0.298828 0.929688 0.300781 0.880859 0.289062 0.853516 0.265625 0.820312 0.265625
3 0.058594 0.132812 0.052734 0.150391 0.041016 0.160156 0.031250 0.177734 0.023438 0.208984 0.015625 0.220703 0.015625 0.238281 0.021484 0.244141 0.017578 0.279297 0.027344 0.287109 0.025391 0.291016 0.041016 0.275391 0.052734 0.275391 0.064453 0.312500 0.070312 0.312500 0.062500 0.277344 0.062500 0.257812 0.068359 0.246094 0.062500 0.173828 0.066406 0.132812
