0 0.111328 0.087891 0.107422 0.089844 0.099609 0.099609 0.099609 0.113281 0.101562 0.117188 0.111328 0.125000 0.126953 0.125000 0.130859 0.123047 0.138672 0.113281 0.138672 0.099609 0.136719 0.095703 0.126953 0.087891
0 0.968750 0.259766 0.960938 0.265625 0.957031 0.273438 0.957031 0.291016 0.960938 0.298828 0.968750 0.304688 0.984375 0.304688 0.992188 0.298828 0.996094 0.291016 0.996094 0.273438 0.992188 0.265625 0.984375 0.259766
0 0.933594 0.316406 0.927734 0.320312 0.921875 0.328125 0.921875 0.345703 0.925781 0.351562 0.933594 0.357422 0.951172 0.357422 0.957031 0.353516 0.962891 0.345703 0.962891 0.328125 0.958984 0.322266 0.951172 0.316406
0 0.126953 0.332031 0.125000 0.335938 0.125000 0.349609 0.130859 0.357422 0.138672 0.361328 0.158203 0.361328 0.166016 0.357422 0.171875 0.349609 0.171875 0.335938 0.169922 0.332031 0.158203 0.324219 0.138672 0.324219
0 0.199219 0.326172 0.191406 0.335938 0.191406 0.349609 0.193359 0.353516 0.203125 0.361328 0.220703 0.361328 0.224609 0.359375 0.232422 0.349609 0.232422 0.335938 0.230469 0.332031 0.220703 0.324219 0.203125 0.324219
0 0.902344 0.378906 0.892578 0.386719 0.888672 0.394531 0.888672 0.402344 0.886719 0.404297 0.888672 0.406250 0.888672 0.414062 0.892578 0.421875 0.898438 0.427734 0.902344 0.429688 0.916016 0.429688 0.925781 0.421875 0.929688 0.414062 0.929688 0.394531 0.925781 0.386719 0.919922 0.380859 0.916016 0.378906
0 0.642578 0.564453 0.632812 0.572266 0.628906 0.580078 0.628906 0.597656 0.632812 0.605469 0.638672 0.611328 0.642578 0.613281 0.660156 0.613281 0.669922 0.605469 0.673828 0.597656 0.673828 0.580078 0.669922 0.572266 0.664062 0.566406 0.660156 0.564453
0 0.619141 0.611328 0.611328 0.617188 0.605469 0.626953 0.605469 0.648438 0.611328 0.658203 0.619141 0.664062 0.636719 0.664062 0.644531 0.658203 0.650391 0.648438 0.650391 0.626953 0.644531 0.617188 0.636719 0.611328
0 0.136719 0.625000 0.123047 0.636719 0.121094 0.650391 0.119141 0.652344 0.121094 0.654297 0.121094 0.662109 0.123047 0.664062 0.123047 0.667969 0.132812 0.677734 0.136719 0.679688 0.152344 0.679688 0.166016 0.667969 0.166016 0.664062 0.167969 0.662109 0.167969 0.642578 0.164062 0.634766 0.156250 0.626953 0.152344 0.625000
0 0.230469 0.703125 0.222656 0.707031 0.210938 0.720703 0.210938 0.724609 0.208984 0.726562 0.208984 0.748047 0.212891 0.757812 0.222656 0.767578 0.230469 0.771484 0.248047 0.771484 0.255859 0.767578 0.267578 0.753906 0.267578 0.750000 0.269531 0.748047 0.269531 0.726562 0.265625 0.716797 0.255859 0.707031 0.248047 0.703125
0 0.826172 0.730469 0.812500 0.742188 0.808594 0.750000 0.808594 0.771484 0.812500 0.779297 0.822266 0.789062 0.826172 0.791016 0.845703 0.791016 0.859375 0.779297 0.863281 0.771484 0.863281 0.750000 0.859375 0.742188 0.849609 0.732422 0.845703 0.730469
0 0.666016 0.742188 0.658203 0.746094 0.650391 0.757812 0.650391 0.775391 0.658203 0.787109 0.666016 0.791016 0.681641 0.791016 0.689453 0.787109 0.697266 0.775391 0.697266 0.757812 0.689453 0.746094 0.681641 0.742188
0 0.173828 0.753906 0.169922 0.755859 0.158203 0.769531 0.158203 0.777344 0.156250 0.779297 0.158203 0.781250 0.158203 0.789062 0.160156 0.792969 0.173828 0.804688 0.191406 0.804688 0.195312 0.802734 0.207031 0.789062 0.207031 0.769531 0.205078 0.765625 0.191406 0.753906
0 0.572266 0.796875 0.572266 0.810547 0.582031 0.818359 0.597656 0.818359 0.607422 0.810547 0.607422 0.796875 0.597656 0.789062 0.582031 0.789062
0 0.894531 0.773438 0.882812 0.785156 0.878906 0.792969 0.878906 0.814453 0.882812 0.822266 0.894531 0.833984 0.904297 0.837891 0.925781 0.837891 0.935547 0.833984 0.947266 0.822266 0.951172 0.814453 0.951172 0.792969 0.947266 0.785156 0.935547 0.773438 0.925781 0.769531 0.904297 0.769531
0 0.652344 0.945312 0.646484 0.949219 0.642578 0.955078 0.642578 0.968750 0.644531 0.972656 0.652344 0.978516 0.669922 0.978516 0.675781 0.974609 0.679688 0.968750 0.679688 0.955078 0.677734 0.951172 0.669922 0.945312
0 0.531250 0.957031 0.525391 0.970703 0.525391 0.996094 0.527344 0.998047 0.603516 0.998047 0.605469 0.996094 0.605469 0.970703 0.603516 0.968750 0.603516 0.964844 0.599609 0.957031 0.582031 0.941406 0.578125 0.941406 0.576172 0.939453 0.554688 0.939453 0.542969 0.945312
1 0.332031 0.015625 0.324219 0.000000 0.296875 0.000000 0.285156 0.015625 0.279297 0.031250 0.269531 0.041016 0.257812 0.044922 0.185547 0.044922 0.160156 0.037109 0.142578 0.017578 0.125000 0.007812 0.126953 0.005859 0.105469 0.007812 0.087891 0.021484 0.085938 0.042969 0.074219 0.058594 0.074219 0.091797 0.093750 0.126953 0.126953 0.152344 0.134766 0.154297 0.148438 0.166016 0.173828 0.175781 0.205078 0.175781 0.246094 0.158203 0.271484 0.136719 0.289062 0.126953 0.310547 0.105469 0.328125 0.068359
1 0.128906 0.183594 0.105469 0.197266 0.066406 0.253906 0.066406 0.269531 0.058594 0.296875 0.058594 0.320312 0.062500 0.337891 0.078125 0.359375 0.078125 0.365234 0.093750 0.390625 0.115234 0.410156 0.128906 0.416016 0.142578 0.416016 0.162109 0.394531 0.160156 0.380859 0.164062 0.371094 0.179688 0.357422 0.179688 0.330078 0.210938 0.298828 0.242188 0.261719 0.242188 0.257812 0.212891 0.220703 0.189453 0.207031 0.175781 0.193359 0.150391 0.185547
1 0.279297 0.281250 0.267578 0.277344 0.253906 0.265625 0.201172 0.322266 0.195312 0.322266 0.185547 0.330078 0.181641 0.357422 0.167969 0.373047 0.162109 0.388672 0.167969 0.408203 0.197266 0.419922 0.212891 0.419922 0.251953 0.394531 0.263672 0.378906 0.269531 0.378906 0.269531 0.375000 0.283203 0.361328 0.287109 0.347656 0.287109 0.291016
1 0.746094 0.365234 0.740234 0.384766 0.742188 0.453125 0.751953 0.468750 0.796875 0.498047 0.845703 0.517578 0.865234 0.521484 0.900391 0.515625 0.910156 0.507812 0.917969 0.496094 0.925781 0.417969 0.933594 0.398438 0.931641 0.380859 0.916016 0.361328 0.894531 0.353516 0.873047 0.353516 0.830078 0.365234 0.794922 0.363281 0.775391 0.357422
1 0.722656 0.554688 0.693359 0.527344 0.656250 0.525391 0.638672 0.533203 0.589844 0.541016 0.564453 0.554688 0.550781 0.576172 0.566406 0.587891 0.658203 0.615234 0.666016 0.603516 0.710938 0.580078 0.720703 0.568359
1 0.490234 0.685547 0.507812 0.705078 0.513672 0.707031 0.537109 0.705078 0.546875 0.695312 0.583984 0.689453 0.607422 0.697266 0.644531 0.697266 0.654297 0.689453 0.652344 0.640625 0.646484 0.630859 0.646484 0.615234 0.621094 0.605469 0.597656 0.603516 0.576172 0.595703 0.537109 0.589844 0.519531 0.605469 0.505859 0.644531 0.500000 0.673828
1 0.187500 0.554688 0.162109 0.552734 0.134766 0.609375 0.128906 0.613281 0.117188 0.636719 0.111328 0.660156 0.097656 0.681641 0.085938 0.726562 0.087891 0.759766 0.093750 0.771484 0.126953 0.769531 0.142578 0.759766 0.166016 0.751953 0.181641 0.738281 0.189453 0.720703 0.197266 0.712891 0.208984 0.708984 0.236328 0.677734 0.238281 0.650391 0.228516 0.595703 0.218750 0.578125 0.203125 0.562500
1 0.242188 0.617188 0.246094 0.623047 0.246094 0.648438 0.238281 0.687500 0.214844 0.707031 0.212891 0.718750 0.199219 0.728516 0.214844 0.769531 0.232422 0.783203 0.279297 0.798828 0.310547 0.804688 0.332031 0.816406 0.355469 0.822266 0.392578 0.822266 0.412109 0.775391 0.425781 0.759766 0.437500 0.716797 0.445312 0.669922 0.443359 0.644531 0.433594 0.626953 0.404297 0.609375 0.386719 0.603516 0.357422 0.583984 0.339844 0.585938 0.289062 0.607422 0.277344 0.607422
1 0.812500 0.634766 0.798828 0.642578 0.783203 0.671875 0.773438 0.712891 0.773438 0.742188 0.785156 0.771484 0.802734 0.779297 0.824219 0.798828 0.833984 0.798828 0.857422 0.789062 0.908203 0.755859 0.921875 0.730469 0.921875 0.695312 0.869141 0.642578 0.847656 0.634766
1 0.644531 0.708984 0.628906 0.699219 0.574219 0.697266 0.556641 0.707031 0.501953 0.716797 0.484375 0.736328 0.478516 0.779297 0.462891 0.806641 0.462891 0.820312 0.476562 0.832031 0.500000 0.839844 0.560547 0.841797 0.580078 0.839844 0.597656 0.830078 0.615234 0.812500 0.626953 0.783203 0.638672 0.773438 0.640625 0.753906 0.650391 0.732422 0.650391 0.720703
1 0.740234 0.712891 0.720703 0.707031 0.689453 0.707031 0.669922 0.703125 0.664062 0.732422 0.654297 0.750000 0.644531 0.755859 0.638672 0.781250 0.623047 0.796875 0.611328 0.824219 0.613281 0.835938 0.638672 0.859375 0.671875 0.857422 0.695312 0.845703 0.701172 0.835938 0.730469 0.818359 0.742188 0.791016 0.746094 0.761719 0.750000 0.757812 0.750000 0.734375
1 0.195312 0.736328 0.177734 0.744141 0.166016 0.753906 0.152344 0.757812 0.134766 0.771484 0.085938 0.781250 0.085938 0.794922 0.089844 0.802734 0.089844 0.859375 0.083984 0.916016 0.101562 0.933594 0.119141 0.937500 0.169922 0.958984 0.191406 0.958984 0.226562 0.947266 0.232422 0.937500 0.232422 0.882812 0.220703 0.802734 0.208984 0.759766
1 0.927734 0.744141 0.876953 0.783203 0.867188 0.794922 0.832031 0.808594 0.824219 0.832031 0.822266 0.859375 0.814453 0.878906 0.816406 0.890625 0.855469 0.933594 0.880859 0.947266 0.892578 0.960938 0.912109 0.960938 0.939453 0.953125 0.943359 0.941406 0.953125 0.931641 0.964844 0.927734 0.974609 0.912109 0.978516 0.861328 0.972656 0.830078 0.949219 0.785156 0.943359 0.765625
1 0.634766 0.939453 0.625000 0.914062 0.615234 0.902344 0.607422 0.900391 0.570312 0.865234 0.544922 0.853516 0.498047 0.839844 0.464844 0.845703 0.458984 0.853516 0.425781 0.857422 0.400391 0.871094 0.386719 0.882812 0.378906 0.882812 0.357422 0.902344 0.357422 0.908203 0.351562 0.914062 0.339844 0.941406 0.351562 0.957031 0.369141 0.998047 0.623047 0.998047 0.634766 0.964844
3 0.294922 0.439453 0.285156 0.449219 0.265625 0.455078 0.218750 0.425781 0.171875 0.425781 0.146484 0.433594 0.123047 0.449219 0.097656 0.474609 0.064453 0.542969 0.025391 0.589844 0.000000 0.691406 0.000000 0.853516 0.013672 0.908203 0.044922 0.923828 0.066406 0.923828 0.078125 0.906250 0.082031 0.878906 0.080078 0.830078 0.083984 0.826172 0.078125 0.759766 0.085938 0.740234 0.083984 0.726562 0.099609 0.666016 0.119141 0.626953 0.125000 0.601562 0.150391 0.552734 0.195312 0.515625 0.228516 0.498047 0.250000 0.494141 0.277344 0.494141 0.285156 0.501953 0.308594 0.511719 0.328125 0.533203
3 0.634766 0.015625 0.640625 0.029297 0.640625 0.050781 0.654297 0.089844 0.658203 0.134766 0.646484 0.152344 0.617188 0.164062 0.611328 0.169922 0.611328 0.177734 0.625000 0.189453 0.662109 0.199219 0.669922 0.207031 0.673828 0.226562 0.689453 0.250000 0.689453 0.273438 0.685547 0.283203 0.671875 0.291016 0.673828 0.304688 0.691406 0.312500 0.703125 0.365234 0.695312 0.398438 0.693359 0.447266 0.675781 0.470703 0.671875 0.486328 0.658203 0.490234 0.650391 0.501953 0.630859 0.507812 0.597656 0.509766 0.566406 0.521484 0.535156 0.509766 0.525391 0.513672 0.505859 0.556641 0.480469 0.578125 0.451172 0.585938 0.423828 0.582031 0.410156 0.587891 0.363281 0.564453 0.349609 0.550781 0.337891 0.554688 0.337891 0.560547 0.355469 0.578125 0.400391 0.599609 0.414062 0.613281 0.431641 0.617188 0.441406 0.628906 0.455078 0.634766 0.439453 0.726562 0.417969 0.789062 0.394531 0.835938 0.373047 0.851562 0.351562 0.878906 0.339844 0.884766 0.337891 0.898438 0.341797 0.902344 0.357422 0.900391 0.408203 0.853516 0.425781 0.853516 0.447266 0.833984 0.457031 0.802734 0.478516 0.761719 0.486328 0.728516 0.490234 0.660156 0.505859 0.626953 0.503906 0.611328 0.542969 0.566406 0.558594 0.562500 0.564453 0.552734 0.585938 0.542969 0.587891 0.535156 0.599609 0.529297 0.642578 0.525391 0.667969 0.515625 0.701172 0.515625 0.707031 0.519531 0.705078 0.531250 0.710938 0.539062 0.728516 0.541016 0.746094 0.554688 0.767578 0.591797 0.767578 0.613281 0.759766 0.642578 0.761719 0.664062 0.755859 0.689453 0.755859 0.775391 0.732422 0.824219 0.710938 0.847656 0.695312 0.853516 0.679688 0.867188 0.679688 0.878906 0.691406 0.880859 0.701172 0.892578 0.736328 0.910156 0.759766 0.939453 0.757812 0.947266 0.767578 0.968750 0.806641 0.998047 0.998047 0.996094 0.998047 0.955078 0.988281 0.947266 0.980469 0.927734 0.974609 0.925781 0.958984 0.933594 0.945312 0.953125 0.927734 0.966797 0.892578 0.968750 0.878906 0.953125 0.867188 0.951172 0.851562 0.939453 0.810547 0.892578 0.818359 0.820312 0.804688 0.792969 0.769531 0.771484 0.769531 0.708984 0.796875 0.640625 0.792969 0.593750 0.814453 0.556641 0.828125 0.546875 0.830078 0.527344 0.824219 0.515625 0.751953 0.488281 0.734375 0.470703 0.726562 0.425781 0.726562 0.353516 0.708984 0.310547 0.714844 0.283203 0.710938 0.253906 0.714844 0.089844 0.683594 0.027344
3 0.998047 0.000000 0.955078 0.000000 0.955078 0.021484 0.943359 0.064453 0.925781 0.095703 0.910156 0.111328 0.892578 0.119141 0.894531 0.132812 0.908203 0.134766 0.916016 0.144531 0.929688 0.146484 0.937500 0.142578 0.937500 0.130859 0.949219 0.111328 0.998047 0.105469
3 0.621094 0.000000 0.630859 0.011719 0.660156 0.015625 0.656250 0.000000
3 0.328125 0.000000 0.345703 0.031250 0.371094 0.031250 0.378906 0.021484 0.382812 0.000000
