0 0.027344 0.050781 0.021484 0.056641 0.019531 0.066406 0.017578 0.068359 0.019531 0.070312 0.021484 0.080078 0.031250 0.087891 0.048828 0.087891 0.052734 0.085938 0.060547 0.076172 0.060547 0.060547 0.058594 0.056641 0.048828 0.048828 0.031250 0.048828
0 0.707031 0.119141 0.693359 0.130859 0.689453 0.138672 0.689453 0.160156 0.693359 0.167969 0.703125 0.177734 0.707031 0.179688 0.724609 0.179688 0.738281 0.167969 0.742188 0.160156 0.742188 0.138672 0.738281 0.130859 0.728516 0.121094 0.724609 0.119141
0 0.644531 0.130859 0.634766 0.136719 0.626953 0.148438 0.626953 0.156250 0.625000 0.158203 0.626953 0.160156 0.626953 0.167969 0.632812 0.177734 0.644531 0.185547 0.664062 0.185547 0.673828 0.179688 0.681641 0.167969 0.681641 0.148438 0.675781 0.138672 0.664062 0.130859
0 0.056641 0.228516 0.046875 0.234375 0.039062 0.246094 0.039062 0.267578 0.044922 0.277344 0.056641 0.285156 0.076172 0.285156 0.085938 0.279297 0.093750 0.267578 0.093750 0.246094 0.087891 0.236328 0.076172 0.228516
0 0.957031 0.240234 0.953125 0.242188 0.943359 0.253906 0.943359 0.271484 0.945312 0.275391 0.957031 0.285156 0.976562 0.285156 0.980469 0.283203 0.990234 0.271484 0.990234 0.253906 0.988281 0.250000 0.976562 0.240234
0 0.949219 0.294922 0.937500 0.302734 0.931641 0.318359 0.933594 0.320312 0.933594 0.326172 0.937500 0.333984 0.949219 0.341797 0.968750 0.341797 0.980469 0.333984 0.984375 0.326172 0.984375 0.310547 0.980469 0.302734 0.968750 0.294922
0 0.091797 0.283203 0.078125 0.289062 0.064453 0.302734 0.058594 0.316406 0.058594 0.341797 0.064453 0.355469 0.078125 0.369141 0.091797 0.375000 0.115234 0.375000 0.128906 0.369141 0.142578 0.355469 0.148438 0.341797 0.148438 0.316406 0.142578 0.302734 0.128906 0.289062 0.115234 0.283203
0 0.675781 0.326172 0.664062 0.333984 0.658203 0.349609 0.660156 0.351562 0.660156 0.357422 0.667969 0.369141 0.675781 0.373047 0.691406 0.373047 0.703125 0.365234 0.707031 0.357422 0.707031 0.341797 0.699219 0.330078 0.691406 0.326172
0 0.410156 0.376953 0.404297 0.380859 0.398438 0.388672 0.398438 0.406250 0.402344 0.412109 0.410156 0.417969 0.427734 0.417969 0.433594 0.414062 0.439453 0.406250 0.439453 0.388672 0.435547 0.382812 0.427734 0.376953
0 0.660156 0.429688 0.654297 0.441406 0.656250 0.443359 0.656250 0.447266 0.660156 0.453125 0.671875 0.453125 0.675781 0.447266 0.675781 0.435547 0.671875 0.429688
0 0.814453 0.435547 0.806641 0.439453 0.796875 0.453125 0.796875 0.474609 0.806641 0.488281 0.814453 0.492188 0.832031 0.492188 0.839844 0.488281 0.849609 0.474609 0.849609 0.453125 0.839844 0.439453 0.832031 0.435547
0 0.169922 0.490234 0.166016 0.492188 0.154297 0.505859 0.154297 0.513672 0.152344 0.515625 0.154297 0.517578 0.154297 0.525391 0.156250 0.529297 0.169922 0.541016 0.189453 0.541016 0.193359 0.539062 0.205078 0.525391 0.205078 0.505859 0.203125 0.501953 0.189453 0.490234
0 0.515625 0.484375 0.507812 0.488281 0.498047 0.498047 0.494141 0.505859 0.494141 0.527344 0.498047 0.535156 0.507812 0.544922 0.515625 0.548828 0.537109 0.548828 0.544922 0.544922 0.554688 0.535156 0.558594 0.527344 0.558594 0.505859 0.554688 0.498047 0.544922 0.488281 0.537109 0.484375
0 0.835938 0.503906 0.824219 0.513672 0.820312 0.521484 0.820312 0.529297 0.818359 0.531250 0.820312 0.533203 0.820312 0.541016 0.824219 0.548828 0.835938 0.558594 0.855469 0.558594 0.867188 0.548828 0.871094 0.541016 0.871094 0.521484 0.867188 0.513672 0.855469 0.503906
0 0.988281 0.580078 0.982422 0.585938 0.982422 0.591797 0.980469 0.593750 0.982422 0.595703 0.982422 0.601562 0.988281 0.607422 0.998047 0.607422 0.998047 0.580078
0 0.595703 0.589844 0.583984 0.599609 0.580078 0.607422 0.580078 0.615234 0.578125 0.617188 0.580078 0.619141 0.580078 0.626953 0.583984 0.634766 0.595703 0.644531 0.615234 0.644531 0.626953 0.634766 0.630859 0.626953 0.630859 0.607422 0.626953 0.599609 0.615234 0.589844
0 0.316406 0.625000 0.304688 0.632812 0.298828 0.648438 0.300781 0.650391 0.300781 0.656250 0.304688 0.664062 0.316406 0.671875 0.333984 0.671875 0.345703 0.664062 0.349609 0.656250 0.349609 0.640625 0.345703 0.632812 0.333984 0.625000
0 0.759766 0.638672 0.751953 0.642578 0.746094 0.650391 0.746094 0.667969 0.751953 0.675781 0.759766 0.679688 0.775391 0.679688 0.783203 0.675781 0.789062 0.667969 0.789062 0.650391 0.783203 0.642578 0.775391 0.638672
0 0.816406 0.671875 0.812500 0.673828 0.802734 0.685547 0.802734 0.693359 0.800781 0.695312 0.802734 0.697266 0.802734 0.705078 0.804688 0.708984 0.816406 0.718750 0.833984 0.718750 0.837891 0.716797 0.847656 0.705078 0.847656 0.685547 0.845703 0.681641 0.833984 0.671875
0 0.513672 0.685547 0.505859 0.689453 0.498047 0.701172 0.498047 0.708984 0.496094 0.710938 0.498047 0.712891 0.498047 0.720703 0.505859 0.732422 0.513672 0.736328 0.529297 0.736328 0.537109 0.732422 0.544922 0.720703 0.544922 0.701172 0.537109 0.689453 0.529297 0.685547
0 0.630859 0.685547 0.621094 0.691406 0.613281 0.703125 0.613281 0.710938 0.611328 0.712891 0.613281 0.714844 0.613281 0.722656 0.619141 0.732422 0.630859 0.740234 0.650391 0.740234 0.660156 0.734375 0.667969 0.722656 0.667969 0.703125 0.662109 0.693359 0.650391 0.685547
0 0.701172 0.699219 0.697266 0.701172 0.687500 0.712891 0.687500 0.720703 0.685547 0.722656 0.687500 0.724609 0.687500 0.732422 0.689453 0.736328 0.701172 0.746094 0.718750 0.746094 0.722656 0.744141 0.732422 0.732422 0.732422 0.712891 0.730469 0.708984 0.718750 0.699219
0 0.921875 0.716797 0.912109 0.724609 0.908203 0.732422 0.908203 0.750000 0.912109 0.757812 0.917969 0.763672 0.921875 0.765625 0.939453 0.765625 0.949219 0.757812 0.953125 0.750000 0.953125 0.732422 0.949219 0.724609 0.943359 0.718750 0.939453 0.716797
0 0.453125 0.833984 0.449219 0.835938 0.439453 0.847656 0.439453 0.855469 0.437500 0.857422 0.439453 0.859375 0.439453 0.867188 0.441406 0.871094 0.453125 0.880859 0.468750 0.880859 0.472656 0.878906 0.482422 0.867188 0.482422 0.847656 0.480469 0.843750 0.468750 0.833984
0 0.906250 0.865234 0.896484 0.871094 0.888672 0.880859 0.886719 0.894531 0.884766 0.896484 0.886719 0.898438 0.888672 0.912109 0.896484 0.921875 0.906250 0.927734 0.927734 0.927734 0.937500 0.921875 0.945312 0.912109 0.945312 0.908203 0.947266 0.906250 0.947266 0.886719 0.945312 0.884766 0.945312 0.880859 0.937500 0.871094 0.927734 0.865234
1 0.675781 0.050781 0.683594 0.150391 0.689453 0.175781 0.701172 0.179688 0.724609 0.179688 0.732422 0.175781 0.792969 0.175781 0.812500 0.164062 0.843750 0.156250 0.851562 0.150391 0.851562 0.140625 0.837891 0.109375 0.832031 0.074219 0.810547 0.046875 0.767578 0.033203 0.720703 0.031250 0.691406 0.039062
1 0.062500 0.039062 0.025391 0.035156 0.011719 0.041016 0.001953 0.052734 0.000000 0.173828 0.011719 0.181641 0.044922 0.175781 0.072266 0.164062 0.074219 0.154297 0.082031 0.146484 0.091797 0.126953 0.082031 0.097656 0.085938 0.054688
1 0.662109 0.052734 0.558594 0.070312 0.556641 0.080078 0.548828 0.089844 0.546875 0.105469 0.537109 0.113281 0.533203 0.123047 0.521484 0.130859 0.509766 0.154297 0.513672 0.179688 0.525391 0.201172 0.546875 0.207031 0.572266 0.207031 0.578125 0.203125 0.605469 0.201172 0.611328 0.197266 0.642578 0.197266 0.681641 0.181641 0.681641 0.126953 0.675781 0.109375 0.671875 0.076172 0.666016 0.068359
1 0.287109 0.091797 0.279297 0.083984 0.216797 0.089844 0.187500 0.105469 0.150391 0.117188 0.117188 0.121094 0.105469 0.126953 0.087891 0.152344 0.068359 0.169922 0.009766 0.193359 0.003906 0.208984 0.003906 0.224609 0.007812 0.230469 0.007812 0.255859 0.011719 0.265625 0.027344 0.285156 0.044922 0.292969 0.058594 0.289062 0.082031 0.275391 0.085938 0.269531 0.158203 0.267578 0.175781 0.257812 0.222656 0.246094 0.230469 0.240234 0.298828 0.214844 0.304688 0.208984 0.304688 0.181641 0.292969 0.132812 0.292969 0.107422
1 0.937500 0.105469 0.906250 0.125000 0.896484 0.160156 0.898438 0.199219 0.906250 0.207031 0.906250 0.240234 0.910156 0.246094 0.908203 0.261719 0.910156 0.265625 0.921875 0.269531 0.927734 0.279297 0.943359 0.279297 0.974609 0.289062 0.990234 0.289062 0.998047 0.283203 0.998047 0.103516
1 0.830078 0.169922 0.820312 0.166016 0.802734 0.179688 0.783203 0.185547 0.751953 0.181641 0.703125 0.181641 0.679688 0.191406 0.656250 0.195312 0.630859 0.207031 0.582031 0.208984 0.564453 0.212891 0.554688 0.228516 0.560547 0.318359 0.611328 0.345703 0.630859 0.363281 0.673828 0.371094 0.701172 0.367188 0.710938 0.359375 0.728516 0.326172 0.730469 0.314453 0.736328 0.308594 0.757812 0.300781 0.789062 0.273438 0.794922 0.253906 0.820312 0.222656 0.830078 0.199219
1 0.880859 0.300781 0.878906 0.312500 0.882812 0.328125 0.892578 0.345703 0.902344 0.353516 0.919922 0.357422 0.951172 0.357422 0.974609 0.365234 0.998047 0.367188 0.996094 0.298828 0.986328 0.298828 0.970703 0.291016 0.927734 0.287109 0.917969 0.292969 0.888672 0.294922
1 0.386719 0.240234 0.369141 0.273438 0.373047 0.341797 0.369141 0.353516 0.367188 0.390625 0.373047 0.412109 0.390625 0.419922 0.410156 0.419922 0.435547 0.427734 0.451172 0.435547 0.455078 0.441406 0.478516 0.443359 0.496094 0.435547 0.517578 0.417969 0.535156 0.367188 0.541016 0.359375 0.541016 0.349609 0.515625 0.324219 0.507812 0.308594 0.470703 0.279297 0.435547 0.244141 0.412109 0.236328
1 0.134766 0.277344 0.115234 0.273438 0.085938 0.275391 0.068359 0.289062 0.058594 0.304688 0.025391 0.386719 0.000000 0.412109 0.000000 0.460938 0.007812 0.480469 0.017578 0.490234 0.039062 0.498047 0.066406 0.500000 0.105469 0.488281 0.134766 0.474609 0.136719 0.464844 0.146484 0.464844 0.146484 0.425781 0.138672 0.414062 0.136719 0.396484 0.144531 0.378906 0.144531 0.361328 0.154297 0.335938 0.152344 0.292969
1 0.552734 0.351562 0.548828 0.359375 0.548828 0.373047 0.539062 0.384766 0.539062 0.410156 0.533203 0.427734 0.539062 0.455078 0.558594 0.464844 0.642578 0.476562 0.658203 0.460938 0.679688 0.455078 0.681641 0.443359 0.669922 0.408203 0.656250 0.394531 0.636719 0.384766 0.632812 0.376953 0.605469 0.367188 0.580078 0.351562 0.564453 0.351562 0.560547 0.347656
1 0.998047 0.369141 0.953125 0.371094 0.943359 0.369141 0.937500 0.363281 0.890625 0.359375 0.873047 0.371094 0.867188 0.382812 0.857422 0.390625 0.832031 0.394531 0.779297 0.417969 0.753906 0.447266 0.726562 0.457031 0.710938 0.468750 0.701172 0.482422 0.705078 0.505859 0.712891 0.517578 0.736328 0.527344 0.792969 0.523438 0.816406 0.513672 0.828125 0.498047 0.865234 0.490234 0.888672 0.492188 0.904297 0.488281 0.919922 0.501953 0.960938 0.507812 0.998047 0.486328
1 0.441406 0.568359 0.449219 0.585938 0.468750 0.585938 0.517578 0.595703 0.558594 0.593750 0.583984 0.585938 0.601562 0.570312 0.626953 0.562500 0.644531 0.552734 0.654297 0.541016 0.652344 0.505859 0.638672 0.492188 0.582031 0.482422 0.542969 0.466797 0.515625 0.449219 0.511719 0.453125 0.500000 0.453125 0.484375 0.464844 0.470703 0.488281 0.468750 0.507812 0.445312 0.546875
1 0.927734 0.515625 0.912109 0.501953 0.880859 0.496094 0.839844 0.496094 0.828125 0.500000 0.816406 0.521484 0.800781 0.531250 0.714844 0.531250 0.708984 0.542969 0.710938 0.564453 0.732422 0.595703 0.767578 0.626953 0.791016 0.634766 0.835938 0.638672 0.884766 0.621094 0.931641 0.585938 0.937500 0.546875
1 0.195312 0.482422 0.173828 0.472656 0.140625 0.474609 0.128906 0.478516 0.121094 0.490234 0.101562 0.494141 0.078125 0.507812 0.072266 0.507812 0.042969 0.580078 0.037109 0.632812 0.023438 0.654297 0.025391 0.675781 0.033203 0.681641 0.068359 0.691406 0.101562 0.695312 0.119141 0.673828 0.128906 0.669922 0.160156 0.611328 0.173828 0.568359 0.210938 0.531250 0.212891 0.513672 0.203125 0.490234
1 0.998047 0.517578 0.980469 0.525391 0.966797 0.539062 0.962891 0.548828 0.947266 0.566406 0.945312 0.578125 0.933594 0.599609 0.933594 0.615234 0.941406 0.628906 0.947266 0.654297 0.957031 0.669922 0.974609 0.677734 0.998047 0.677734
1 0.689453 0.580078 0.671875 0.576172 0.662109 0.566406 0.634766 0.572266 0.619141 0.583984 0.593750 0.587891 0.591797 0.591797 0.582031 0.593750 0.564453 0.605469 0.558594 0.625000 0.558594 0.660156 0.568359 0.677734 0.589844 0.701172 0.603516 0.703125 0.638672 0.671875 0.652344 0.673828 0.662109 0.681641 0.673828 0.677734 0.677734 0.671875 0.679688 0.636719 0.689453 0.623047
1 0.716797 0.611328 0.716797 0.621094 0.710938 0.630859 0.716797 0.648438 0.750000 0.667969 0.765625 0.683594 0.779297 0.687500 0.806641 0.664062 0.808594 0.654297 0.794922 0.638672 0.759766 0.632812 0.744141 0.621094 0.742188 0.613281 0.732422 0.613281 0.728516 0.609375
1 0.427734 0.552734 0.419922 0.552734 0.414062 0.546875 0.390625 0.544922 0.333984 0.568359 0.324219 0.587891 0.322266 0.603516 0.312500 0.611328 0.308594 0.621094 0.287109 0.638672 0.277344 0.658203 0.253906 0.685547 0.248047 0.685547 0.244141 0.691406 0.238281 0.691406 0.226562 0.701172 0.216797 0.718750 0.220703 0.744141 0.226562 0.755859 0.240234 0.769531 0.283203 0.781250 0.296875 0.791016 0.310547 0.791016 0.310547 0.787109 0.318359 0.783203 0.330078 0.785156 0.335938 0.781250 0.347656 0.781250 0.353516 0.771484 0.376953 0.755859 0.386719 0.736328 0.398438 0.724609 0.410156 0.695312 0.423828 0.677734 0.423828 0.640625 0.427734 0.632812 0.427734 0.619141 0.433594 0.609375 0.433594 0.568359
1 0.927734 0.615234 0.910156 0.617188 0.894531 0.628906 0.861328 0.638672 0.853516 0.650391 0.839844 0.650391 0.824219 0.660156 0.818359 0.673828 0.812500 0.675781 0.802734 0.687500 0.802734 0.712891 0.808594 0.728516 0.826172 0.730469 0.855469 0.716797 0.923828 0.714844 0.935547 0.703125 0.955078 0.693359
1 0.548828 0.619141 0.501953 0.603516 0.480469 0.605469 0.457031 0.619141 0.441406 0.640625 0.429688 0.669922 0.425781 0.699219 0.404297 0.734375 0.384766 0.777344 0.388672 0.794922 0.398438 0.814453 0.464844 0.810547 0.472656 0.806641 0.521484 0.744141 0.537109 0.734375 0.556641 0.730469 0.564453 0.724609 0.558594 0.695312 0.546875 0.667969 0.550781 0.648438
1 0.703125 0.654297 0.695312 0.669922 0.691406 0.693359 0.679688 0.710938 0.675781 0.771484 0.681641 0.785156 0.722656 0.787109 0.732422 0.783203 0.781250 0.740234 0.781250 0.716797 0.769531 0.701172 0.750000 0.689453 0.742188 0.675781 0.736328 0.675781 0.726562 0.666016
1 0.994141 0.699219 0.986328 0.691406 0.978516 0.689453 0.968750 0.697266 0.953125 0.701172 0.941406 0.710938 0.925781 0.716797 0.855469 0.724609 0.841797 0.730469 0.828125 0.742188 0.822266 0.759766 0.830078 0.769531 0.849609 0.775391 0.888672 0.798828 0.912109 0.798828 0.935547 0.804688 0.980469 0.802734 0.988281 0.796875 0.996094 0.781250
1 0.669922 0.687500 0.658203 0.681641 0.630859 0.681641 0.568359 0.730469 0.529297 0.746094 0.496094 0.787109 0.486328 0.814453 0.496094 0.822266 0.513672 0.822266 0.566406 0.806641 0.597656 0.804688 0.611328 0.796875 0.632812 0.792969 0.654297 0.783203 0.666016 0.769531 0.671875 0.755859 0.673828 0.693359
1 0.925781 0.814453 0.912109 0.824219 0.902344 0.847656 0.882812 0.873047 0.882812 0.904297 0.900391 0.927734 0.917969 0.937500 0.957031 0.949219 0.974609 0.958984 0.994141 0.960938 0.998047 0.958984 0.998047 0.810547 0.980469 0.808594
1 0.369141 0.886719 0.384766 0.919922 0.433594 0.929688 0.462891 0.939453 0.478516 0.951172 0.507812 0.953125 0.509766 0.943359 0.548828 0.908203 0.546875 0.898438 0.556641 0.869141 0.556641 0.853516 0.533203 0.845703 0.507812 0.845703 0.501953 0.832031 0.488281 0.826172 0.451172 0.826172 0.437500 0.830078 0.412109 0.853516 0.375000 0.876953
3 0.808594 0.998047 0.794922 0.976562 0.789062 0.957031 0.777344 0.951172 0.777344 0.941406 0.763672 0.921875 0.759766 0.900391 0.742188 0.869141 0.746094 0.849609 0.763672 0.839844 0.781250 0.791016 0.804688 0.773438 0.810547 0.750000 0.808594 0.734375 0.769531 0.753906 0.730469 0.789062 0.681641 0.802734 0.673828 0.791016 0.666016 0.789062 0.656250 0.794922 0.650391 0.806641 0.589844 0.812500 0.576172 0.818359 0.546875 0.816406 0.521484 0.824219 0.509766 0.833984 0.509766 0.839844 0.566406 0.837891 0.583984 0.841797 0.642578 0.871094 0.667969 0.896484 0.695312 0.914062 0.720703 0.998047
3 0.144531 0.734375 0.175781 0.789062 0.199219 0.806641 0.212891 0.810547 0.228516 0.828125 0.244141 0.871094 0.250000 0.916016 0.257812 0.931641 0.246094 0.978516 0.248047 0.998047 0.341797 0.998047 0.353516 0.951172 0.353516 0.931641 0.357422 0.929688 0.355469 0.902344 0.359375 0.892578 0.349609 0.855469 0.339844 0.837891 0.310547 0.816406 0.228516 0.773438 0.207031 0.755859
3 0.656250 0.468750 0.660156 0.486328 0.658203 0.507812 0.666016 0.523438 0.666016 0.539062 0.685547 0.556641 0.707031 0.593750 0.703125 0.523438 0.691406 0.476562 0.681641 0.462891
3 0.000000 0.011719 0.000000 0.031250 0.003906 0.035156 0.054688 0.029297 0.070312 0.033203 0.078125 0.041016 0.095703 0.041016 0.117188 0.025391 0.154297 0.011719 0.173828 0.009766 0.267578 0.048828 0.289062 0.076172 0.292969 0.095703 0.306641 0.123047 0.316406 0.169922 0.324219 0.181641 0.324219 0.191406 0.308594 0.214844 0.330078 0.222656 0.349609 0.253906 0.361328 0.261719 0.369141 0.261719 0.375000 0.242188 0.398438 0.226562 0.443359 0.238281 0.466797 0.253906 0.482422 0.273438 0.496094 0.279297 0.529297 0.328125 0.542969 0.337891 0.554688 0.330078 0.542969 0.238281 0.548828 0.224609 0.546875 0.218750 0.519531 0.205078 0.507812 0.189453 0.507812 0.144531 0.537109 0.103516 0.541016 0.074219 0.550781 0.074219 0.560547 0.066406 0.583984 0.060547 0.603516 0.060547 0.666016 0.044922 0.710938 0.027344 0.740234 0.023438 0.777344 0.027344 0.802734 0.035156 0.822266 0.050781 0.841797 0.082031 0.845703 0.095703 0.841797 0.109375 0.853516 0.121094 0.851562 0.132812 0.867188 0.146484 0.886719 0.142578 0.919922 0.107422 0.939453 0.099609 0.994141 0.097656 0.998047 0.015625 0.994141 0.001953 0.980469 0.000000 0.925781 0.001953 0.953125 0.025391 0.964844 0.048828 0.968750 0.072266 0.955078 0.093750 0.902344 0.107422 0.896484 0.099609 0.886719 0.101562 0.865234 0.087891 0.853516 0.068359 0.835938 0.015625 0.837891 0.000000 0.779297 0.000000 0.765625 0.013672 0.705078 0.009766 0.685547 0.000000 0.685547 0.019531 0.667969 0.033203 0.654297 0.033203 0.634766 0.041016 0.605469 0.041016 0.578125 0.050781 0.552734 0.048828 0.535156 0.058594 0.533203 0.070312 0.488281 0.041016 0.449219 0.029297 0.445312 0.019531 0.427734 0.013672 0.417969 0.000000 0.001953 0.000000 0.003906 0.007812
