0 0.339844 0.121094 0.345703 0.128906 0.353516 0.132812 0.378906 0.132812 0.390625 0.125000 0.390625 0.117188 0.378906 0.109375 0.353516 0.109375 0.345703 0.113281
0 0.392578 0.130859 0.396484 0.138672 0.404297 0.142578 0.423828 0.142578 0.431641 0.138672 0.433594 0.134766 0.433594 0.126953 0.431641 0.123047 0.423828 0.119141 0.404297 0.119141 0.396484 0.123047
0 0.683594 0.125000 0.671875 0.136719 0.671875 0.140625 0.669922 0.142578 0.669922 0.160156 0.671875 0.162109 0.671875 0.166016 0.683594 0.177734 0.687500 0.177734 0.689453 0.179688 0.707031 0.179688 0.708984 0.177734 0.712891 0.177734 0.724609 0.166016 0.724609 0.162109 0.726562 0.160156 0.726562 0.142578 0.724609 0.140625 0.724609 0.136719 0.712891 0.125000 0.708984 0.125000 0.707031 0.123047 0.689453 0.123047 0.687500 0.125000
0 0.207031 0.208984 0.195312 0.216797 0.189453 0.232422 0.191406 0.234375 0.191406 0.240234 0.199219 0.251953 0.207031 0.255859 0.222656 0.255859 0.234375 0.248047 0.238281 0.240234 0.238281 0.224609 0.230469 0.212891 0.222656 0.208984
0 0.269531 0.255859 0.271484 0.259766 0.279297 0.265625 0.296875 0.265625 0.304688 0.259766 0.304688 0.251953 0.296875 0.246094 0.279297 0.246094 0.275391 0.248047
0 0.853516 0.232422 0.841797 0.242188 0.837891 0.250000 0.837891 0.267578 0.841797 0.275391 0.849609 0.283203 0.853516 0.285156 0.873047 0.285156 0.884766 0.275391 0.888672 0.267578 0.888672 0.250000 0.884766 0.242188 0.876953 0.234375 0.873047 0.232422
0 0.923828 0.341797 0.912109 0.351562 0.908203 0.359375 0.908203 0.363281 0.906250 0.365234 0.906250 0.390625 0.912109 0.404297 0.919922 0.412109 0.923828 0.414062 0.939453 0.414062 0.951172 0.404297 0.955078 0.396484 0.955078 0.392578 0.957031 0.390625 0.957031 0.365234 0.951172 0.351562 0.943359 0.343750 0.939453 0.341797
0 0.357422 0.361328 0.343750 0.373047 0.339844 0.380859 0.339844 0.388672 0.337891 0.390625 0.339844 0.392578 0.339844 0.400391 0.343750 0.408203 0.353516 0.417969 0.357422 0.419922 0.376953 0.419922 0.390625 0.408203 0.394531 0.400391 0.394531 0.380859 0.390625 0.373047 0.380859 0.363281 0.376953 0.361328
0 0.808594 0.437500 0.808594 0.451172 0.816406 0.458984 0.826172 0.462891 0.849609 0.462891 0.859375 0.458984 0.867188 0.451172 0.867188 0.437500 0.859375 0.429688 0.849609 0.425781 0.826172 0.425781 0.816406 0.429688
0 0.363281 0.484375 0.363281 0.494141 0.365234 0.498047 0.375000 0.503906 0.396484 0.503906 0.404297 0.500000 0.408203 0.494141 0.408203 0.484375 0.406250 0.480469 0.396484 0.474609 0.375000 0.474609 0.367188 0.478516
0 0.292969 0.494141 0.292969 0.507812 0.298828 0.513672 0.306641 0.517578 0.326172 0.517578 0.333984 0.513672 0.339844 0.507812 0.339844 0.494141 0.333984 0.488281 0.326172 0.484375 0.306641 0.484375 0.298828 0.488281
0 0.757812 0.509766 0.753906 0.511719 0.742188 0.525391 0.742188 0.533203 0.740234 0.535156 0.742188 0.537109 0.742188 0.544922 0.744141 0.548828 0.757812 0.560547 0.777344 0.560547 0.781250 0.558594 0.792969 0.544922 0.792969 0.525391 0.791016 0.521484 0.777344 0.509766
0 0.367188 0.601562 0.363281 0.603516 0.353516 0.615234 0.353516 0.632812 0.355469 0.636719 0.367188 0.646484 0.386719 0.646484 0.390625 0.644531 0.400391 0.632812 0.400391 0.615234 0.398438 0.611328 0.386719 0.601562
0 0.791016 0.705078 0.787109 0.707031 0.777344 0.718750 0.777344 0.726562 0.775391 0.728516 0.777344 0.730469 0.777344 0.738281 0.779297 0.742188 0.791016 0.751953 0.806641 0.751953 0.810547 0.750000 0.820312 0.738281 0.820312 0.718750 0.818359 0.714844 0.806641 0.705078
0 0.318359 0.765625 0.308594 0.777344 0.308594 0.783203 0.306641 0.785156 0.308594 0.787109 0.310547 0.796875 0.322266 0.806641 0.341797 0.806641 0.345703 0.804688 0.355469 0.792969 0.355469 0.777344 0.353516 0.773438 0.341797 0.763672 0.322266 0.763672
0 0.187500 0.843750 0.181641 0.847656 0.177734 0.855469 0.177734 0.861328 0.175781 0.863281 0.177734 0.865234 0.177734 0.871094 0.181641 0.878906 0.187500 0.882812 0.201172 0.882812 0.207031 0.878906 0.210938 0.871094 0.210938 0.855469 0.207031 0.847656 0.201172 0.843750
0 0.082031 0.880859 0.072266 0.886719 0.064453 0.898438 0.064453 0.906250 0.062500 0.908203 0.064453 0.910156 0.064453 0.917969 0.070312 0.927734 0.082031 0.935547 0.103516 0.935547 0.113281 0.929688 0.121094 0.917969 0.121094 0.898438 0.115234 0.888672 0.103516 0.880859
0 0.208984 0.914062 0.205078 0.916016 0.199219 0.923828 0.199219 0.941406 0.203125 0.947266 0.208984 0.951172 0.222656 0.951172 0.226562 0.949219 0.232422 0.941406 0.232422 0.923828 0.228516 0.917969 0.222656 0.914062
0 0.093750 0.984375 0.093750 0.998047 0.162109 0.998047 0.162109 0.984375 0.158203 0.976562 0.150391 0.968750 0.138672 0.962891 0.117188 0.962891 0.115234 0.964844 0.111328 0.964844 0.097656 0.976562
0 0.363281 0.992188 0.363281 0.998047 0.390625 0.998047 0.390625 0.992188 0.386719 0.986328 0.382812 0.984375 0.371094 0.984375 0.367188 0.986328
2 0.421875 0.093750 0.416016 0.085938 0.378906 0.085938 0.361328 0.095703 0.324219 0.097656 0.296875 0.111328 0.283203 0.113281 0.279297 0.119141 0.380859 0.136719 0.416016 0.105469
1 0.767578 0.113281 0.750000 0.113281 0.701172 0.101562 0.656250 0.101562 0.634766 0.113281 0.621094 0.148438 0.609375 0.164062 0.607422 0.193359 0.603516 0.201172 0.605469 0.224609 0.632812 0.253906 0.669922 0.253906 0.681641 0.244141 0.689453 0.242188 0.693359 0.220703 0.701172 0.207031 0.720703 0.191406 0.736328 0.185547 0.748047 0.171875 0.769531 0.156250
1 0.386719 0.164062 0.376953 0.152344 0.345703 0.138672 0.328125 0.138672 0.296875 0.126953 0.263672 0.126953 0.226562 0.140625 0.216797 0.152344 0.205078 0.158203 0.142578 0.160156 0.134766 0.164062 0.115234 0.187500 0.085938 0.201172 0.082031 0.224609 0.087891 0.234375 0.111328 0.244141 0.123047 0.257812 0.158203 0.261719 0.177734 0.269531 0.205078 0.269531 0.246094 0.250000 0.281250 0.220703 0.294922 0.214844 0.312500 0.212891 0.332031 0.201172 0.337891 0.201172 0.339844 0.197266 0.367188 0.191406 0.386719 0.173828
1 0.697266 0.255859 0.697266 0.279297 0.701172 0.283203 0.730469 0.287109 0.748047 0.300781 0.798828 0.304688 0.843750 0.281250 0.857422 0.285156 0.890625 0.285156 0.898438 0.281250 0.906250 0.271484 0.914062 0.246094 0.896484 0.214844 0.890625 0.210938 0.884766 0.195312 0.861328 0.164062 0.824219 0.134766 0.814453 0.132812 0.798828 0.121094 0.789062 0.121094 0.769531 0.175781 0.755859 0.181641 0.736328 0.203125 0.730469 0.205078 0.728516 0.210938 0.712891 0.224609
2 0.345703 0.216797 0.314453 0.216797 0.250000 0.248047 0.228516 0.277344 0.222656 0.306641 0.230469 0.312500 0.281250 0.310547 0.302734 0.304688 0.310547 0.296875 0.339844 0.283203 0.345703 0.269531
1 0.488281 0.251953 0.468750 0.248047 0.392578 0.267578 0.359375 0.281250 0.351562 0.289062 0.326172 0.300781 0.306641 0.320312 0.300781 0.335938 0.300781 0.375000 0.310547 0.414062 0.320312 0.429688 0.355469 0.458984 0.386719 0.457031 0.404297 0.464844 0.431641 0.462891 0.451172 0.443359 0.470703 0.431641 0.478516 0.416016 0.484375 0.412109 0.494141 0.386719 0.500000 0.345703 0.498047 0.269531
1 0.849609 0.324219 0.847656 0.353516 0.855469 0.398438 0.867188 0.416016 0.892578 0.435547 0.906250 0.435547 0.957031 0.412109 0.958984 0.402344 0.964844 0.396484 0.968750 0.371094 0.964844 0.337891 0.957031 0.324219 0.925781 0.314453 0.861328 0.316406
1 0.609375 0.316406 0.603516 0.335938 0.605469 0.419922 0.630859 0.449219 0.644531 0.457031 0.671875 0.458984 0.693359 0.466797 0.792969 0.466797 0.802734 0.472656 0.837891 0.472656 0.880859 0.464844 0.890625 0.447266 0.880859 0.437500 0.875000 0.437500 0.857422 0.419922 0.847656 0.404297 0.841797 0.367188 0.841797 0.337891 0.830078 0.316406 0.796875 0.318359 0.767578 0.314453 0.744141 0.304688 0.726562 0.291016 0.685547 0.281250 0.671875 0.271484 0.646484 0.275391 0.626953 0.291016
1 0.353516 0.521484 0.349609 0.501953 0.351562 0.476562 0.347656 0.460938 0.335938 0.447266 0.326172 0.445312 0.302734 0.429688 0.287109 0.427734 0.283203 0.423828 0.265625 0.429688 0.244141 0.443359 0.224609 0.443359 0.156250 0.460938 0.123047 0.488281 0.125000 0.500000 0.146484 0.527344 0.160156 0.539062 0.171875 0.542969 0.201172 0.542969 0.232422 0.527344 0.271484 0.517578 0.328125 0.525391 0.347656 0.525391
1 0.478516 0.460938 0.472656 0.457031 0.457031 0.457031 0.439453 0.460938 0.435547 0.466797 0.361328 0.466797 0.359375 0.525391 0.378906 0.541016 0.414062 0.550781 0.416016 0.554688 0.427734 0.554688 0.445312 0.539062 0.462891 0.531250 0.482422 0.503906 0.486328 0.478516
1 0.617188 0.466797 0.617188 0.496094 0.621094 0.500000 0.626953 0.525391 0.632812 0.601562 0.636719 0.605469 0.642578 0.628906 0.654297 0.642578 0.697266 0.658203 0.726562 0.664062 0.769531 0.664062 0.794922 0.648438 0.800781 0.648438 0.802734 0.644531 0.833984 0.638672 0.857422 0.628906 0.867188 0.619141 0.882812 0.617188 0.888672 0.623047 0.914062 0.621094 0.921875 0.593750 0.921875 0.574219 0.914062 0.550781 0.896484 0.523438 0.869141 0.507812 0.847656 0.488281 0.837891 0.488281 0.833984 0.484375 0.779297 0.482422 0.771484 0.478516 0.691406 0.478516 0.664062 0.472656 0.636719 0.458984 0.626953 0.458984
1 0.484375 0.521484 0.470703 0.523438 0.462891 0.533203 0.455078 0.535156 0.439453 0.554688 0.421875 0.560547 0.392578 0.556641 0.380859 0.548828 0.349609 0.539062 0.341797 0.546875 0.343750 0.609375 0.347656 0.628906 0.355469 0.640625 0.363281 0.664062 0.380859 0.687500 0.390625 0.691406 0.425781 0.720703 0.449219 0.716797 0.460938 0.707031 0.464844 0.697266 0.472656 0.640625 0.490234 0.605469 0.492188 0.535156
1 0.882812 0.632812 0.869141 0.628906 0.843750 0.644531 0.794922 0.650391 0.781250 0.662109 0.748047 0.673828 0.695312 0.673828 0.673828 0.667969 0.664062 0.675781 0.664062 0.710938 0.677734 0.732422 0.691406 0.783203 0.718750 0.826172 0.726562 0.812500 0.748047 0.810547 0.771484 0.812500 0.810547 0.828125 0.822266 0.824219 0.828125 0.810547 0.845703 0.789062 0.849609 0.775391 0.857422 0.767578 0.871094 0.738281 0.875000 0.720703 0.878906 0.718750 0.890625 0.667969 0.890625 0.644531
1 0.455078 0.748047 0.451172 0.738281 0.439453 0.728516 0.408203 0.712891 0.388672 0.714844 0.357422 0.738281 0.339844 0.742188 0.291016 0.744141 0.273438 0.757812 0.271484 0.777344 0.291016 0.796875 0.314453 0.808594 0.337891 0.814453 0.390625 0.835938 0.406250 0.837891 0.419922 0.847656 0.431641 0.847656 0.441406 0.841797 0.443359 0.808594 0.455078 0.794922
1 0.230469 0.716797 0.203125 0.716797 0.175781 0.728516 0.119141 0.769531 0.121094 0.812500 0.136719 0.835938 0.158203 0.845703 0.171875 0.857422 0.167969 0.869141 0.171875 0.886719 0.189453 0.888672 0.210938 0.884766 0.218750 0.873047 0.232422 0.830078 0.263672 0.779297 0.265625 0.751953 0.259766 0.732422
1 0.107422 0.763672 0.099609 0.763672 0.091797 0.777344 0.068359 0.794922 0.062500 0.808594 0.027344 0.830078 0.015625 0.869141 0.017578 0.882812 0.013672 0.917969 0.021484 0.933594 0.027344 0.939453 0.054688 0.945312 0.066406 0.953125 0.121094 0.951172 0.134766 0.945312 0.142578 0.935547 0.142578 0.908203 0.148438 0.890625 0.169922 0.863281 0.169922 0.857422 0.136719 0.843750 0.121094 0.824219 0.111328 0.798828 0.111328 0.771484
1 0.427734 0.863281 0.417969 0.855469 0.392578 0.851562 0.371094 0.843750 0.341797 0.824219 0.302734 0.808594 0.267578 0.810547 0.250000 0.822266 0.234375 0.873047 0.218750 0.894531 0.164062 0.900391 0.156250 0.904297 0.144531 0.923828 0.144531 0.929688 0.171875 0.988281 0.183594 0.998047 0.330078 0.998047 0.355469 0.982422 0.390625 0.935547 0.406250 0.925781 0.427734 0.904297 0.431641 0.894531 0.431641 0.871094
1 0.501953 0.900391 0.476562 0.882812 0.462891 0.882812 0.443359 0.888672 0.423828 0.910156 0.423828 0.916016 0.410156 0.937500 0.369141 0.964844 0.349609 0.998047 0.507812 0.998047 0.515625 0.992188 0.517578 0.937500
3 0.673828 0.736328 0.662109 0.734375 0.654297 0.742188 0.636719 0.781250 0.613281 0.802734 0.597656 0.830078 0.568359 0.847656 0.533203 0.884766 0.533203 0.962891 0.539062 0.998047 0.714844 0.998047 0.699219 0.976562 0.699219 0.929688 0.691406 0.861328 0.687500 0.855469 0.691406 0.818359
3 0.509766 0.119141 0.486328 0.136719 0.443359 0.146484 0.423828 0.160156 0.478516 0.240234 0.500000 0.246094 0.509766 0.257812 0.519531 0.312500 0.519531 0.357422 0.511719 0.376953 0.496094 0.390625 0.486328 0.414062 0.488281 0.421875 0.480469 0.437500 0.480469 0.451172 0.500000 0.480469 0.531250 0.484375 0.550781 0.472656 0.582031 0.480469 0.601562 0.496094 0.597656 0.455078 0.591797 0.443359 0.591797 0.199219 0.568359 0.185547 0.552734 0.185547 0.529297 0.177734 0.523438 0.171875 0.527344 0.136719
3 0.000000 0.103516 0.000000 0.285156 0.019531 0.322266 0.021484 0.355469 0.031250 0.376953 0.031250 0.408203 0.025391 0.417969 0.025391 0.437500 0.037109 0.464844 0.035156 0.488281 0.042969 0.501953 0.066406 0.501953 0.125000 0.464844 0.181641 0.441406 0.224609 0.431641 0.248047 0.417969 0.250000 0.406250 0.246094 0.398438 0.205078 0.371094 0.166016 0.367188 0.154297 0.359375 0.130859 0.359375 0.117188 0.347656 0.089844 0.347656 0.060547 0.324219 0.050781 0.304688 0.041016 0.261719 0.041016 0.234375 0.046875 0.226562 0.087891 0.195312 0.123047 0.175781 0.134766 0.162109 0.197266 0.150391 0.210938 0.142578 0.201172 0.132812 0.169922 0.121094 0.138672 0.119141 0.072266 0.126953 0.039062 0.119141 0.021484 0.105469
3 0.490234 0.000000 0.484375 0.011719 0.464844 0.027344 0.464844 0.033203 0.478516 0.021484 0.492188 0.021484 0.509766 0.029297 0.523438 0.046875 0.525391 0.068359 0.515625 0.103516 0.527344 0.115234 0.533203 0.130859 0.537109 0.169922 0.544922 0.177734 0.589844 0.173828 0.601562 0.162109 0.603516 0.140625 0.634766 0.109375 0.638672 0.099609 0.638672 0.082031 0.628906 0.058594 0.628906 0.044922 0.636719 0.025391 0.636719 0.011719 0.630859 0.000000
