0 0.371094 0.009766 0.363281 0.013672 0.357422 0.019531 0.353516 0.027344 0.353516 0.044922 0.357422 0.052734 0.363281 0.058594 0.371094 0.062500 0.390625 0.062500 0.398438 0.058594 0.404297 0.052734 0.408203 0.044922 0.408203 0.027344 0.404297 0.019531 0.398438 0.013672 0.390625 0.009766
0 0.000000 0.039062 0.000000 0.083984 0.023438 0.083984 0.035156 0.078125 0.041016 0.072266 0.042969 0.068359 0.042969 0.054688 0.035156 0.044922 0.023438 0.039062
0 0.292969 0.050781 0.289062 0.052734 0.283203 0.060547 0.283203 0.078125 0.285156 0.082031 0.292969 0.087891 0.304688 0.087891 0.308594 0.085938 0.314453 0.078125 0.314453 0.060547 0.312500 0.056641 0.304688 0.050781
0 0.347656 0.195312 0.347656 0.201172 0.351562 0.205078 0.361328 0.208984 0.388672 0.208984 0.398438 0.205078 0.402344 0.201172 0.402344 0.195312 0.398438 0.191406 0.388672 0.187500 0.361328 0.187500 0.351562 0.191406
0 0.308594 0.224609 0.300781 0.234375 0.300781 0.248047 0.308594 0.257812 0.324219 0.257812 0.332031 0.248047 0.332031 0.234375 0.324219 0.224609
0 0.060547 0.255859 0.056641 0.257812 0.048828 0.267578 0.048828 0.275391 0.046875 0.277344 0.048828 0.279297 0.048828 0.287109 0.050781 0.291016 0.060547 0.298828 0.074219 0.298828 0.078125 0.296875 0.085938 0.287109 0.085938 0.267578 0.083984 0.263672 0.074219 0.255859
0 0.320312 0.287109 0.310547 0.296875 0.310547 0.314453 0.320312 0.324219 0.335938 0.324219 0.345703 0.314453 0.345703 0.296875 0.335938 0.287109
0 0.810547 0.308594 0.806641 0.310547 0.794922 0.324219 0.794922 0.332031 0.792969 0.333984 0.794922 0.335938 0.794922 0.343750 0.796875 0.347656 0.810547 0.359375 0.830078 0.359375 0.833984 0.357422 0.845703 0.343750 0.845703 0.324219 0.843750 0.320312 0.830078 0.308594
0 0.316406 0.349609 0.306641 0.361328 0.306641 0.375000 0.308594 0.378906 0.320312 0.388672 0.341797 0.388672 0.345703 0.386719 0.355469 0.375000 0.355469 0.361328 0.353516 0.357422 0.345703 0.349609 0.341797 0.349609 0.339844 0.347656 0.320312 0.347656
0 0.470703 0.429688 0.472656 0.431641 0.472656 0.435547 0.480469 0.443359 0.484375 0.443359 0.486328 0.445312 0.505859 0.445312 0.507812 0.443359 0.511719 0.443359 0.519531 0.435547 0.519531 0.423828 0.511719 0.416016 0.507812 0.416016 0.505859 0.414062 0.486328 0.414062 0.484375 0.416016 0.480469 0.416016 0.472656 0.423828 0.472656 0.427734
0 0.841797 0.441406 0.833984 0.445312 0.828125 0.453125 0.826172 0.466797 0.824219 0.468750 0.826172 0.470703 0.826172 0.478516 0.828125 0.480469 0.828125 0.484375 0.833984 0.492188 0.841797 0.496094 0.855469 0.496094 0.863281 0.492188 0.869141 0.484375 0.869141 0.480469 0.871094 0.478516 0.871094 0.458984 0.869141 0.457031 0.869141 0.453125 0.859375 0.443359 0.855469 0.441406
0 0.480469 0.476562 0.466797 0.486328 0.460938 0.498047 0.460938 0.519531 0.466797 0.531250 0.480469 0.541016 0.500000 0.541016 0.513672 0.531250 0.519531 0.519531 0.519531 0.498047 0.513672 0.486328 0.500000 0.476562
0 0.337891 0.511719 0.330078 0.515625 0.324219 0.521484 0.320312 0.529297 0.320312 0.546875 0.324219 0.554688 0.330078 0.560547 0.337891 0.564453 0.355469 0.564453 0.363281 0.560547 0.369141 0.554688 0.373047 0.546875 0.373047 0.529297 0.369141 0.521484 0.363281 0.515625 0.355469 0.511719
0 0.361328 0.597656 0.349609 0.607422 0.345703 0.615234 0.345703 0.623047 0.343750 0.625000 0.345703 0.626953 0.345703 0.634766 0.349609 0.642578 0.361328 0.652344 0.380859 0.652344 0.392578 0.642578 0.396484 0.634766 0.396484 0.615234 0.392578 0.607422 0.380859 0.597656
0 0.800781 0.708984 0.787109 0.720703 0.783203 0.728516 0.783203 0.738281 0.781250 0.740234 0.783203 0.742188 0.783203 0.751953 0.787109 0.759766 0.796875 0.769531 0.800781 0.771484 0.818359 0.771484 0.832031 0.759766 0.835938 0.751953 0.835938 0.728516 0.832031 0.720703 0.822266 0.710938 0.818359 0.708984
0 0.902344 0.777344 0.902344 0.787109 0.910156 0.792969 0.925781 0.792969 0.933594 0.787109 0.933594 0.777344 0.925781 0.771484 0.910156 0.771484
0 0.222656 0.769531 0.210938 0.779297 0.207031 0.787109 0.207031 0.796875 0.205078 0.798828 0.207031 0.800781 0.207031 0.810547 0.210938 0.818359 0.218750 0.826172 0.222656 0.828125 0.240234 0.828125 0.251953 0.818359 0.255859 0.810547 0.255859 0.787109 0.251953 0.779297 0.244141 0.771484 0.240234 0.769531
0 0.113281 0.806641 0.109375 0.808594 0.097656 0.822266 0.097656 0.830078 0.095703 0.832031 0.097656 0.833984 0.097656 0.841797 0.099609 0.845703 0.113281 0.857422 0.130859 0.857422 0.134766 0.855469 0.146484 0.841797 0.146484 0.822266 0.144531 0.818359 0.130859 0.806641
0 0.564453 0.820312 0.552734 0.828125 0.546875 0.839844 0.546875 0.861328 0.552734 0.873047 0.556641 0.876953 0.564453 0.880859 0.580078 0.880859 0.591797 0.873047 0.597656 0.861328 0.597656 0.839844 0.591797 0.828125 0.587891 0.824219 0.580078 0.820312
0 0.412109 0.832031 0.398438 0.843750 0.394531 0.851562 0.394531 0.861328 0.392578 0.863281 0.394531 0.865234 0.394531 0.875000 0.398438 0.882812 0.408203 0.892578 0.412109 0.894531 0.429688 0.894531 0.443359 0.882812 0.447266 0.875000 0.447266 0.851562 0.443359 0.843750 0.433594 0.833984 0.429688 0.832031
0 0.388672 0.904297 0.382812 0.912109 0.382812 0.929688 0.388672 0.937500 0.400391 0.937500 0.406250 0.929688 0.406250 0.912109 0.400391 0.904297
0 0.673828 0.904297 0.669922 0.906250 0.660156 0.917969 0.660156 0.925781 0.658203 0.927734 0.660156 0.929688 0.660156 0.937500 0.662109 0.941406 0.673828 0.951172 0.689453 0.951172 0.693359 0.949219 0.703125 0.937500 0.703125 0.917969 0.701172 0.914062 0.689453 0.904297
0 0.738281 0.943359 0.734375 0.945312 0.724609 0.957031 0.724609 0.974609 0.726562 0.978516 0.738281 0.988281 0.753906 0.988281 0.757812 0.986328 0.767578 0.974609 0.767578 0.957031 0.765625 0.953125 0.753906 0.943359
0 0.591797 0.955078 0.582031 0.966797 0.582031 0.974609 0.580078 0.976562 0.582031 0.978516 0.582031 0.986328 0.583984 0.990234 0.591797 0.998047 0.617188 0.998047 0.626953 0.986328 0.626953 0.966797 0.625000 0.962891 0.613281 0.953125 0.595703 0.953125
1 0.292969 0.031250 0.273438 0.031250 0.238281 0.048828 0.207031 0.052734 0.207031 0.070312 0.216797 0.082031 0.222656 0.095703 0.222656 0.107422 0.226562 0.109375 0.226562 0.117188 0.244141 0.150391 0.302734 0.146484 0.306641 0.132812 0.316406 0.125000 0.363281 0.111328 0.363281 0.107422 0.341797 0.083984 0.328125 0.078125 0.308594 0.060547 0.298828 0.037109
1 0.000000 0.009766 0.000000 0.101562 0.019531 0.130859 0.027344 0.136719 0.056641 0.146484 0.070312 0.160156 0.083984 0.166016 0.169922 0.171875 0.179688 0.148438 0.166016 0.146484 0.156250 0.138672 0.144531 0.138672 0.138672 0.132812 0.111328 0.080078 0.078125 0.056641 0.068359 0.033203 0.041016 0.009766 0.027344 0.003906 0.011719 0.003906
1 0.244141 0.171875 0.244141 0.181641 0.253906 0.203125 0.324219 0.207031 0.341797 0.214844 0.353516 0.228516 0.367188 0.236328 0.380859 0.234375 0.396484 0.216797 0.417969 0.210938 0.431641 0.199219 0.431641 0.183594 0.419922 0.177734 0.324219 0.177734 0.287109 0.171875
1 0.236328 0.265625 0.242188 0.277344 0.283203 0.265625 0.345703 0.263672 0.359375 0.259766 0.361328 0.250000 0.343750 0.226562 0.328125 0.214844 0.300781 0.207031 0.273438 0.207031 0.263672 0.210938 0.257812 0.224609 0.248047 0.232422
1 0.000000 0.156250 0.000000 0.347656 0.033203 0.359375 0.050781 0.371094 0.072266 0.376953 0.144531 0.376953 0.156250 0.351562 0.169922 0.333984 0.171875 0.324219 0.187500 0.304688 0.199219 0.281250 0.199219 0.226562 0.191406 0.197266 0.185547 0.191406 0.185547 0.177734 0.148438 0.175781 0.111328 0.167969 0.074219 0.167969 0.054688 0.162109 0.027344 0.162109
1 0.351562 0.281250 0.343750 0.273438 0.283203 0.273438 0.251953 0.281250 0.238281 0.289062 0.226562 0.308594 0.212891 0.322266 0.210938 0.330078 0.207031 0.332031 0.207031 0.347656 0.214844 0.355469 0.228516 0.355469 0.236328 0.345703 0.275391 0.332031 0.304688 0.332031 0.322266 0.328125 0.345703 0.330078 0.359375 0.318359
1 0.865234 0.279297 0.812500 0.261719 0.755859 0.263672 0.714844 0.279297 0.658203 0.277344 0.650391 0.289062 0.648438 0.349609 0.667969 0.386719 0.693359 0.412109 0.701172 0.431641 0.720703 0.435547 0.734375 0.443359 0.757812 0.443359 0.781250 0.429688 0.791016 0.429688 0.812500 0.421875 0.818359 0.400391 0.804688 0.394531 0.806641 0.384766 0.820312 0.373047 0.835938 0.371094 0.845703 0.365234 0.855469 0.353516 0.859375 0.353516 0.875000 0.332031 0.876953 0.302734 0.875000 0.292969
1 0.349609 0.337891 0.337891 0.332031 0.312500 0.332031 0.281250 0.341797 0.250000 0.359375 0.214844 0.367188 0.207031 0.384766 0.207031 0.421875 0.218750 0.437500 0.232422 0.441406 0.236328 0.447266 0.250000 0.451172 0.265625 0.441406 0.292969 0.406250 0.306641 0.396484 0.347656 0.394531 0.359375 0.386719 0.359375 0.353516
2 0.591797 0.433594 0.546875 0.402344 0.511719 0.402344 0.500000 0.408203 0.492188 0.417969 0.462891 0.417969 0.441406 0.423828 0.421875 0.437500 0.417969 0.447266 0.425781 0.464844 0.443359 0.466797 0.501953 0.453125 0.505859 0.449219 0.587891 0.453125 0.591797 0.449219
1 0.898438 0.429688 0.894531 0.421875 0.855469 0.386719 0.837891 0.390625 0.824219 0.416016 0.814453 0.425781 0.792969 0.437500 0.783203 0.437500 0.763672 0.445312 0.748047 0.457031 0.746094 0.480469 0.751953 0.498047 0.761719 0.505859 0.777344 0.509766 0.841797 0.507812 0.867188 0.492188 0.900391 0.449219
1 0.318359 0.398438 0.294922 0.412109 0.267578 0.441406 0.259766 0.468750 0.257812 0.494141 0.271484 0.531250 0.292969 0.537109 0.330078 0.570312 0.353516 0.570312 0.369141 0.562500 0.382812 0.548828 0.382812 0.535156 0.390625 0.527344 0.406250 0.498047 0.410156 0.449219 0.402344 0.435547 0.375000 0.414062 0.349609 0.404297
1 0.400391 0.523438 0.400391 0.529297 0.421875 0.535156 0.457031 0.554688 0.474609 0.570312 0.498047 0.603516 0.517578 0.615234 0.541016 0.617188 0.550781 0.623047 0.566406 0.625000 0.582031 0.636719 0.601562 0.638672 0.617188 0.628906 0.623047 0.611328 0.628906 0.605469 0.628906 0.585938 0.632812 0.582031 0.638672 0.546875 0.638672 0.503906 0.625000 0.480469 0.603516 0.468750 0.587891 0.455078 0.505859 0.451172 0.501953 0.455078 0.462891 0.462891 0.439453 0.476562 0.410156 0.507812
1 0.529297 0.630859 0.509766 0.623047 0.488281 0.607422 0.474609 0.580078 0.447266 0.552734 0.435547 0.548828 0.382812 0.562500 0.369141 0.574219 0.292969 0.597656 0.275391 0.613281 0.292969 0.656250 0.324219 0.693359 0.330078 0.695312 0.355469 0.681641 0.361328 0.673828 0.375000 0.671875 0.392578 0.675781 0.414062 0.687500 0.445312 0.695312 0.451172 0.701172 0.486328 0.703125 0.498047 0.695312 0.511719 0.667969 0.519531 0.660156 0.527344 0.644531
1 0.978516 0.613281 0.970703 0.605469 0.873047 0.603516 0.869141 0.607422 0.847656 0.607422 0.791016 0.636719 0.769531 0.642578 0.763672 0.648438 0.705078 0.650391 0.693359 0.664062 0.685547 0.687500 0.683594 0.718750 0.689453 0.744141 0.703125 0.763672 0.718750 0.775391 0.802734 0.800781 0.818359 0.800781 0.822266 0.796875 0.835938 0.796875 0.861328 0.789062 0.884766 0.771484 0.900391 0.765625 0.906250 0.757812 0.933594 0.744141 0.943359 0.734375 0.947266 0.722656 0.968750 0.689453 0.972656 0.669922 0.978516 0.660156 0.982422 0.644531
2 0.966797 0.712891 0.955078 0.720703 0.949219 0.734375 0.931641 0.748047 0.925781 0.757812 0.888672 0.773438 0.878906 0.787109 0.880859 0.796875 0.902344 0.800781 0.921875 0.820312 0.939453 0.818359 0.945312 0.806641 0.945312 0.789062 0.955078 0.759766 0.955078 0.744141 0.966797 0.722656
2 0.621094 0.763672 0.603516 0.759766 0.570312 0.761719 0.556641 0.773438 0.539062 0.818359 0.509766 0.843750 0.509766 0.871094 0.521484 0.886719 0.523438 0.896484 0.535156 0.914062 0.537109 0.925781 0.550781 0.933594 0.566406 0.933594 0.585938 0.921875 0.625000 0.882812 0.628906 0.875000 0.625000 0.812500 0.630859 0.773438
2 0.423828 0.818359 0.390625 0.839844 0.380859 0.853516 0.378906 0.871094 0.421875 0.902344 0.441406 0.921875 0.455078 0.921875 0.472656 0.908203 0.496094 0.878906 0.501953 0.857422 0.500000 0.847656 0.490234 0.830078 0.470703 0.818359
1 0.050781 0.808594 0.046875 0.824219 0.046875 0.855469 0.035156 0.876953 0.035156 0.894531 0.044922 0.951172 0.056641 0.964844 0.072266 0.970703 0.113281 0.970703 0.121094 0.964844 0.152344 0.988281 0.177734 0.988281 0.197266 0.978516 0.208984 0.984375 0.236328 0.984375 0.248047 0.976562 0.271484 0.941406 0.269531 0.904297 0.261719 0.890625 0.250000 0.880859 0.226562 0.873047 0.214844 0.865234 0.212891 0.847656 0.201172 0.832031 0.195312 0.800781 0.164062 0.783203 0.119141 0.777344 0.095703 0.794922 0.060547 0.802734
2 0.349609 0.876953 0.369141 0.904297 0.380859 0.931641 0.390625 0.941406 0.398438 0.943359 0.439453 0.927734 0.417969 0.916016 0.408203 0.896484 0.388672 0.886719 0.380859 0.876953 0.373047 0.873047 0.353516 0.873047
2 0.714844 0.863281 0.705078 0.865234 0.697266 0.873047 0.681641 0.900391 0.662109 0.904297 0.638672 0.939453 0.640625 0.955078 0.669922 0.980469 0.679688 0.980469 0.689453 0.970703 0.707031 0.939453 0.718750 0.906250 0.730469 0.888672 0.732422 0.876953
2 0.765625 0.882812 0.750000 0.880859 0.720703 0.921875 0.701172 0.958984 0.699219 0.988281 0.742188 0.990234 0.759766 0.996094 0.779297 0.949219 0.787109 0.937500 0.798828 0.929688 0.798828 0.919922 0.779297 0.904297
2 0.640625 0.919922 0.630859 0.912109 0.615234 0.908203 0.589844 0.921875 0.570312 0.943359 0.556641 0.951172 0.544922 0.976562 0.542969 0.998047 0.626953 0.998047 0.640625 0.982422 0.650391 0.978516 0.650391 0.972656 0.642578 0.966797 0.636719 0.951172 0.634766 0.935547 0.640625 0.927734
3 0.000000 0.798828 0.001953 0.970703 0.027344 0.998047 0.035156 0.998047 0.054688 0.986328 0.037109 0.931641 0.033203 0.876953 0.041016 0.863281 0.044922 0.814453 0.027344 0.812500
3 0.314453 0.703125 0.341797 0.722656 0.361328 0.728516 0.398438 0.750000 0.425781 0.777344 0.429688 0.792969 0.474609 0.792969 0.507812 0.812500 0.517578 0.804688 0.535156 0.761719 0.558594 0.740234 0.574219 0.734375 0.603516 0.734375 0.630859 0.740234 0.656250 0.765625 0.650391 0.820312 0.654297 0.835938 0.652344 0.886719 0.656250 0.890625 0.666016 0.890625 0.677734 0.873047 0.703125 0.851562 0.718750 0.851562 0.740234 0.861328 0.753906 0.875000 0.771484 0.880859 0.781250 0.894531 0.796875 0.900391 0.806641 0.912109 0.820312 0.908203 0.820312 0.894531 0.812500 0.886719 0.800781 0.853516 0.824219 0.841797 0.826172 0.833984 0.794922 0.806641 0.771484 0.794922 0.742188 0.791016 0.726562 0.781250 0.708984 0.777344 0.677734 0.761719 0.669922 0.751953 0.669922 0.718750 0.714844 0.595703 0.728516 0.531250 0.746094 0.496094 0.744141 0.468750 0.734375 0.449219 0.703125 0.447266 0.679688 0.460938 0.638672 0.453125 0.623047 0.464844 0.642578 0.503906 0.638672 0.601562 0.628906 0.628906 0.613281 0.640625 0.556641 0.648438 0.535156 0.658203 0.529297 0.667969 0.527344 0.687500 0.511719 0.712891 0.482422 0.716797 0.451172 0.705078 0.437500 0.705078 0.417969 0.693359 0.406250 0.693359 0.396484 0.687500 0.365234 0.687500 0.363281 0.691406
3 0.898438 0.000000 0.886719 0.027344 0.878906 0.068359 0.878906 0.089844 0.888672 0.126953 0.882812 0.199219 0.888672 0.275391 0.894531 0.279297 0.898438 0.300781 0.912109 0.318359 0.921875 0.343750 0.947266 0.378906 0.947266 0.384766 0.964844 0.396484 0.998047 0.406250 0.998047 0.000000
3 0.275391 0.160156 0.318359 0.167969 0.396484 0.167969 0.419922 0.171875 0.427734 0.177734 0.458984 0.179688 0.468750 0.201172 0.501953 0.207031 0.550781 0.248047 0.560547 0.273438 0.574219 0.287109 0.585938 0.312500 0.591797 0.341797 0.623047 0.396484 0.632812 0.431641 0.642578 0.441406 0.660156 0.449219 0.683594 0.451172 0.683594 0.433594 0.667969 0.417969 0.660156 0.400391 0.660156 0.375000 0.646484 0.349609 0.640625 0.300781 0.613281 0.265625 0.605469 0.222656 0.601562 0.220703 0.599609 0.140625 0.601562 0.128906 0.617188 0.101562 0.619141 0.072266 0.611328 0.039062 0.589844 0.017578 0.554688 0.000000 0.484375 0.000000 0.466797 0.013672 0.457031 0.037109 0.457031 0.050781 0.437500 0.072266 0.431641 0.089844 0.406250 0.103516 0.365234 0.115234 0.332031 0.136719 0.312500 0.156250
3 0.054688 0.000000 0.062500 0.021484 0.083984 0.023438 0.083984 0.039062 0.091797 0.052734 0.119141 0.072266 0.134766 0.097656 0.152344 0.109375 0.160156 0.126953 0.185547 0.150391 0.199219 0.199219 0.207031 0.208984 0.212891 0.244141 0.212891 0.300781 0.171875 0.341797 0.167969 0.367188 0.152344 0.371094 0.140625 0.382812 0.115234 0.382812 0.109375 0.388672 0.091797 0.390625 0.105469 0.437500 0.117188 0.451172 0.128906 0.453125 0.156250 0.468750 0.220703 0.580078 0.234375 0.648438 0.242188 0.664062 0.261719 0.681641 0.273438 0.712891 0.292969 0.730469 0.300781 0.763672 0.318359 0.792969 0.318359 0.814453 0.328125 0.859375 0.302734 0.876953 0.300781 0.904297 0.306641 0.917969 0.332031 0.927734 0.345703 0.953125 0.367188 0.966797 0.363281 0.935547 0.343750 0.898438 0.343750 0.890625 0.349609 0.884766 0.347656 0.876953 0.367188 0.867188 0.394531 0.833984 0.414062 0.822266 0.419922 0.785156 0.394531 0.759766 0.363281 0.738281 0.332031 0.724609 0.310547 0.720703 0.298828 0.707031 0.289062 0.673828 0.269531 0.634766 0.269531 0.607422 0.281250 0.591797 0.306641 0.583984 0.308594 0.570312 0.273438 0.542969 0.255859 0.521484 0.248047 0.466797 0.232422 0.455078 0.216797 0.451172 0.201172 0.437500 0.199219 0.416016 0.205078 0.404297 0.205078 0.367188 0.199219 0.332031 0.216797 0.302734 0.222656 0.281250 0.224609 0.144531 0.199219 0.097656 0.189453 0.048828 0.154297 0.000000
