0 0.152344 0.056641 0.142578 0.066406 0.138672 0.074219 0.138672 0.091797 0.142578 0.099609 0.152344 0.109375 0.162109 0.113281 0.183594 0.113281 0.193359 0.109375 0.203125 0.099609 0.207031 0.091797 0.207031 0.074219 0.203125 0.066406 0.193359 0.056641 0.183594 0.052734 0.162109 0.052734
0 0.708984 0.109375 0.701172 0.117188 0.701172 0.130859 0.708984 0.138672 0.722656 0.138672 0.730469 0.130859 0.730469 0.117188 0.722656 0.109375
0 0.525391 0.132812 0.517578 0.142578 0.517578 0.164062 0.525391 0.173828 0.535156 0.173828 0.542969 0.164062 0.542969 0.142578 0.535156 0.132812
0 0.480469 0.132812 0.472656 0.138672 0.468750 0.146484 0.468750 0.152344 0.466797 0.154297 0.468750 0.156250 0.468750 0.162109 0.476562 0.173828 0.480469 0.175781 0.496094 0.175781 0.503906 0.169922 0.507812 0.162109 0.507812 0.146484 0.500000 0.134766 0.496094 0.132812
0 0.763672 0.160156 0.759766 0.169922 0.763672 0.179688 0.769531 0.183594 0.785156 0.183594 0.791016 0.179688 0.792969 0.175781 0.792969 0.164062 0.791016 0.160156 0.785156 0.156250 0.769531 0.156250
0 0.683594 0.164062 0.677734 0.167969 0.671875 0.175781 0.671875 0.193359 0.675781 0.199219 0.683594 0.205078 0.701172 0.205078 0.707031 0.201172 0.712891 0.193359 0.712891 0.175781 0.708984 0.169922 0.701172 0.164062
0 0.072266 0.191406 0.072266 0.201172 0.074219 0.205078 0.087891 0.212891 0.115234 0.212891 0.126953 0.207031 0.130859 0.201172 0.130859 0.191406 0.128906 0.187500 0.115234 0.179688 0.087891 0.179688 0.076172 0.185547
0 0.314453 0.185547 0.302734 0.199219 0.302734 0.212891 0.304688 0.214844 0.304688 0.218750 0.312500 0.226562 0.316406 0.226562 0.318359 0.228516 0.332031 0.228516 0.333984 0.226562 0.337891 0.226562 0.345703 0.218750 0.345703 0.214844 0.347656 0.212891 0.347656 0.199219 0.345703 0.195312 0.332031 0.183594 0.318359 0.183594
0 0.589844 0.203125 0.583984 0.210938 0.583984 0.224609 0.589844 0.232422 0.603516 0.232422 0.609375 0.224609 0.609375 0.210938 0.603516 0.203125
0 0.535156 0.220703 0.527344 0.226562 0.523438 0.234375 0.523438 0.255859 0.531250 0.267578 0.535156 0.269531 0.546875 0.269531 0.554688 0.263672 0.558594 0.255859 0.558594 0.234375 0.550781 0.222656 0.546875 0.220703
0 0.849609 0.220703 0.841797 0.224609 0.835938 0.230469 0.832031 0.238281 0.832031 0.246094 0.830078 0.248047 0.832031 0.250000 0.832031 0.257812 0.835938 0.265625 0.841797 0.271484 0.849609 0.275391 0.867188 0.275391 0.875000 0.271484 0.880859 0.265625 0.884766 0.257812 0.884766 0.238281 0.880859 0.230469 0.875000 0.224609 0.867188 0.220703
0 0.490234 0.232422 0.482422 0.238281 0.478516 0.246094 0.478516 0.253906 0.476562 0.255859 0.478516 0.257812 0.478516 0.265625 0.486328 0.277344 0.490234 0.279297 0.501953 0.279297 0.509766 0.273438 0.513672 0.265625 0.513672 0.246094 0.505859 0.234375 0.501953 0.232422
0 0.144531 0.246094 0.138672 0.250000 0.134766 0.255859 0.134766 0.261719 0.132812 0.263672 0.134766 0.265625 0.134766 0.271484 0.138672 0.277344 0.144531 0.281250 0.160156 0.281250 0.166016 0.277344 0.169922 0.271484 0.169922 0.255859 0.166016 0.250000 0.160156 0.246094
0 0.646484 0.263672 0.640625 0.269531 0.640625 0.275391 0.638672 0.277344 0.640625 0.279297 0.640625 0.285156 0.646484 0.291016 0.654297 0.291016 0.660156 0.285156 0.660156 0.269531 0.654297 0.263672
0 0.345703 0.269531 0.341797 0.271484 0.330078 0.285156 0.330078 0.302734 0.332031 0.306641 0.345703 0.318359 0.365234 0.318359 0.369141 0.316406 0.380859 0.302734 0.380859 0.285156 0.378906 0.281250 0.365234 0.269531
0 0.441406 0.277344 0.431641 0.289062 0.431641 0.296875 0.429688 0.298828 0.431641 0.300781 0.431641 0.308594 0.441406 0.320312 0.455078 0.320312 0.464844 0.308594 0.464844 0.289062 0.455078 0.277344
0 0.605469 0.355469 0.599609 0.367188 0.603516 0.376953 0.609375 0.380859 0.623047 0.380859 0.626953 0.378906 0.630859 0.373047 0.630859 0.361328 0.628906 0.357422 0.623047 0.353516 0.609375 0.353516
0 0.160156 0.369141 0.160156 0.378906 0.164062 0.380859 0.173828 0.380859 0.177734 0.378906 0.177734 0.369141 0.173828 0.367188 0.164062 0.367188
0 0.107422 0.376953 0.103516 0.380859 0.103516 0.384766 0.101562 0.386719 0.103516 0.388672 0.103516 0.392578 0.107422 0.396484 0.121094 0.396484 0.125000 0.392578 0.125000 0.380859 0.121094 0.376953
0 0.179688 0.390625 0.175781 0.394531 0.175781 0.398438 0.173828 0.400391 0.175781 0.402344 0.175781 0.406250 0.179688 0.410156 0.189453 0.410156 0.193359 0.406250 0.193359 0.394531 0.189453 0.390625
0 0.617188 0.412109 0.609375 0.416016 0.603516 0.423828 0.603516 0.441406 0.609375 0.449219 0.617188 0.453125 0.632812 0.453125 0.640625 0.449219 0.646484 0.441406 0.646484 0.423828 0.640625 0.416016 0.632812 0.412109
0 0.560547 0.445312 0.552734 0.455078 0.552734 0.462891 0.550781 0.464844 0.552734 0.466797 0.552734 0.474609 0.560547 0.484375 0.574219 0.484375 0.582031 0.474609 0.582031 0.455078 0.574219 0.445312
0 0.619141 0.511719 0.615234 0.517578 0.615234 0.523438 0.613281 0.525391 0.615234 0.527344 0.615234 0.533203 0.621094 0.541016 0.628906 0.544922 0.646484 0.544922 0.654297 0.541016 0.660156 0.533203 0.660156 0.517578 0.654297 0.509766 0.646484 0.505859 0.628906 0.505859
0 0.101562 0.527344 0.097656 0.529297 0.087891 0.541016 0.087891 0.546875 0.085938 0.548828 0.087891 0.550781 0.087891 0.556641 0.089844 0.560547 0.101562 0.570312 0.119141 0.570312 0.123047 0.568359 0.132812 0.556641 0.132812 0.541016 0.130859 0.537109 0.119141 0.527344
0 0.212891 0.556641 0.201172 0.564453 0.195312 0.580078 0.197266 0.582031 0.197266 0.587891 0.201172 0.595703 0.212891 0.603516 0.232422 0.603516 0.244141 0.595703 0.248047 0.587891 0.248047 0.572266 0.244141 0.564453 0.232422 0.556641
0 0.005859 0.564453 0.000000 0.570312 0.000000 0.591797 0.009766 0.599609 0.029297 0.599609 0.033203 0.597656 0.041016 0.587891 0.041016 0.574219 0.039062 0.570312 0.029297 0.562500 0.009766 0.562500
0 0.236328 0.615234 0.236328 0.621094 0.234375 0.623047 0.236328 0.625000 0.236328 0.630859 0.250000 0.642578 0.271484 0.642578 0.285156 0.630859 0.285156 0.615234 0.271484 0.603516 0.250000 0.603516
0 0.873047 0.609375 0.869141 0.611328 0.861328 0.621094 0.861328 0.634766 0.863281 0.638672 0.873047 0.646484 0.886719 0.646484 0.890625 0.644531 0.898438 0.634766 0.898438 0.621094 0.896484 0.617188 0.886719 0.609375
0 0.894531 0.712891 0.886719 0.716797 0.878906 0.728516 0.878906 0.746094 0.886719 0.757812 0.894531 0.761719 0.910156 0.761719 0.917969 0.757812 0.925781 0.746094 0.925781 0.728516 0.917969 0.716797 0.910156 0.712891
0 0.126953 0.751953 0.117188 0.757812 0.109375 0.769531 0.109375 0.791016 0.115234 0.800781 0.126953 0.808594 0.146484 0.808594 0.156250 0.802734 0.164062 0.791016 0.164062 0.769531 0.158203 0.759766 0.146484 0.751953
0 0.279297 0.808594 0.277344 0.812500 0.277344 0.826172 0.283203 0.833984 0.291016 0.837891 0.308594 0.837891 0.316406 0.833984 0.322266 0.826172 0.322266 0.812500 0.320312 0.808594 0.308594 0.800781 0.291016 0.800781
0 0.847656 0.806641 0.837891 0.814453 0.833984 0.822266 0.833984 0.830078 0.832031 0.832031 0.833984 0.833984 0.833984 0.841797 0.837891 0.849609 0.847656 0.857422 0.865234 0.857422 0.875000 0.849609 0.878906 0.841797 0.878906 0.822266 0.875000 0.814453 0.865234 0.806641
0 0.449219 0.826172 0.439453 0.837891 0.439453 0.843750 0.437500 0.845703 0.439453 0.847656 0.441406 0.857422 0.453125 0.867188 0.472656 0.867188 0.476562 0.865234 0.486328 0.853516 0.486328 0.837891 0.484375 0.833984 0.472656 0.824219 0.453125 0.824219
0 0.945312 0.853516 0.941406 0.855469 0.933594 0.865234 0.933594 0.882812 0.935547 0.886719 0.945312 0.894531 0.960938 0.894531 0.964844 0.892578 0.972656 0.882812 0.972656 0.865234 0.970703 0.861328 0.960938 0.853516
0 0.089844 0.921875 0.080078 0.927734 0.074219 0.935547 0.072266 0.949219 0.070312 0.951172 0.072266 0.953125 0.072266 0.960938 0.078125 0.972656 0.089844 0.980469 0.107422 0.980469 0.117188 0.974609 0.123047 0.966797 0.123047 0.962891 0.125000 0.960938 0.125000 0.941406 0.119141 0.929688 0.107422 0.921875
0 0.673828 0.953125 0.669922 0.955078 0.664062 0.962891 0.664062 0.976562 0.666016 0.980469 0.673828 0.986328 0.687500 0.986328 0.691406 0.984375 0.697266 0.976562 0.697266 0.962891 0.695312 0.958984 0.687500 0.953125
0 0.853516 0.992188 0.853516 0.998047 0.892578 0.998047 0.890625 0.988281 0.880859 0.980469 0.865234 0.980469 0.861328 0.982422
1 0.281250 0.000000 0.195312 0.000000 0.150391 0.029297 0.123047 0.033203 0.121094 0.037109 0.066406 0.037109 0.048828 0.041016 0.035156 0.054688 0.007812 0.101562 0.005859 0.123047 0.029297 0.136719 0.035156 0.144531 0.093750 0.160156 0.107422 0.160156 0.150391 0.179688 0.162109 0.181641 0.195312 0.173828 0.201172 0.160156 0.218750 0.146484 0.226562 0.126953 0.236328 0.119141 0.246094 0.101562
1 0.402344 0.021484 0.396484 0.027344 0.396484 0.037109 0.423828 0.062500 0.433594 0.082031 0.439453 0.111328 0.439453 0.128906 0.433594 0.144531 0.472656 0.212891 0.492188 0.216797 0.507812 0.212891 0.509766 0.195312 0.501953 0.169922 0.501953 0.152344 0.513672 0.138672 0.525391 0.109375 0.525391 0.076172 0.505859 0.054688 0.460938 0.041016 0.435547 0.023438 0.417969 0.019531
1 0.781250 0.085938 0.775391 0.080078 0.759766 0.082031 0.732422 0.095703 0.701172 0.099609 0.666016 0.109375 0.658203 0.119141 0.660156 0.128906 0.708984 0.142578 0.742188 0.142578 0.753906 0.138672 0.771484 0.119141 0.781250 0.097656
2 0.896484 0.105469 0.880859 0.087891 0.865234 0.078125 0.847656 0.076172 0.833984 0.080078 0.779297 0.121094 0.773438 0.130859 0.748047 0.152344 0.748047 0.171875 0.755859 0.183594 0.787109 0.183594 0.800781 0.166016 0.828125 0.160156 0.869141 0.142578 0.890625 0.123047 0.896484 0.113281
2 0.613281 0.093750 0.601562 0.085938 0.558594 0.083984 0.529297 0.103516 0.513672 0.150391 0.515625 0.183594 0.521484 0.197266 0.529297 0.199219 0.560547 0.191406 0.607422 0.150391 0.619141 0.119141 0.619141 0.103516
1 0.369141 0.007812 0.343750 0.001953 0.304688 0.003906 0.292969 0.013672 0.267578 0.054688 0.248047 0.128906 0.242188 0.136719 0.238281 0.162109 0.218750 0.207031 0.216797 0.232422 0.218750 0.255859 0.222656 0.263672 0.300781 0.263672 0.324219 0.250000 0.347656 0.246094 0.351562 0.240234 0.357422 0.240234 0.369141 0.230469 0.394531 0.177734 0.400391 0.173828 0.408203 0.154297 0.417969 0.146484 0.423828 0.132812 0.423828 0.093750 0.390625 0.048828 0.375000 0.013672
2 0.640625 0.201172 0.648438 0.212891 0.662109 0.212891 0.667969 0.216797 0.683594 0.216797 0.714844 0.205078 0.744141 0.189453 0.746094 0.173828 0.742188 0.158203 0.734375 0.148438 0.693359 0.146484 0.671875 0.138672 0.654297 0.138672 0.642578 0.169922
1 0.000000 0.146484 0.000000 0.193359 0.007812 0.205078 0.031250 0.222656 0.041016 0.244141 0.042969 0.259766 0.054688 0.271484 0.093750 0.267578 0.130859 0.257812 0.160156 0.238281 0.169922 0.214844 0.199219 0.183594 0.132812 0.181641 0.113281 0.164062 0.041016 0.152344 0.011719 0.136719 0.005859 0.136719
2 0.634766 0.156250 0.625000 0.156250 0.605469 0.171875 0.582031 0.197266 0.566406 0.224609 0.566406 0.259766 0.578125 0.281250 0.587891 0.289062 0.597656 0.287109 0.605469 0.277344 0.619141 0.246094 0.628906 0.236328 0.638672 0.216797 0.642578 0.162109
1 0.917969 0.160156 0.900391 0.152344 0.839844 0.156250 0.800781 0.167969 0.787109 0.185547 0.771484 0.185547 0.757812 0.193359 0.755859 0.224609 0.750000 0.242188 0.755859 0.271484 0.773438 0.283203 0.812500 0.287109 0.839844 0.302734 0.863281 0.306641 0.871094 0.312500 0.876953 0.326172 0.902344 0.298828 0.906250 0.289062 0.906250 0.275391 0.900391 0.269531 0.902344 0.240234 0.927734 0.191406
2 0.615234 0.265625 0.615234 0.281250 0.619141 0.291016 0.625000 0.294922 0.673828 0.300781 0.689453 0.287109 0.708984 0.279297 0.716797 0.257812 0.691406 0.242188 0.677734 0.222656 0.642578 0.220703
2 0.468750 0.220703 0.457031 0.251953 0.458984 0.275391 0.476562 0.296875 0.496094 0.308594 0.509766 0.310547 0.517578 0.298828 0.515625 0.240234 0.509766 0.228516 0.501953 0.224609
2 0.531250 0.201172 0.521484 0.207031 0.515625 0.220703 0.517578 0.257812 0.523438 0.281250 0.523438 0.326172 0.537109 0.357422 0.550781 0.361328 0.560547 0.359375 0.564453 0.347656 0.576172 0.337891 0.580078 0.324219 0.578125 0.298828 0.564453 0.269531 0.558594 0.216797 0.546875 0.203125
1 0.205078 0.197266 0.199219 0.197266 0.169922 0.234375 0.150391 0.244141 0.119141 0.269531 0.062500 0.279297 0.062500 0.287109 0.113281 0.333984 0.152344 0.357422 0.162109 0.357422 0.177734 0.347656 0.179688 0.333984 0.189453 0.316406 0.207031 0.251953 0.208984 0.201172
1 0.421875 0.167969 0.396484 0.185547 0.386719 0.222656 0.369141 0.236328 0.365234 0.253906 0.378906 0.263672 0.386719 0.263672 0.400391 0.281250 0.408203 0.283203 0.406250 0.298828 0.410156 0.304688 0.406250 0.308594 0.406250 0.316406 0.416016 0.324219 0.416016 0.353516 0.441406 0.376953 0.458984 0.410156 0.480469 0.421875 0.496094 0.421875 0.503906 0.410156 0.503906 0.404297 0.517578 0.386719 0.521484 0.357422 0.511719 0.332031 0.501953 0.318359 0.476562 0.302734 0.449219 0.271484 0.447266 0.257812 0.457031 0.244141 0.458984 0.212891 0.449219 0.203125 0.441406 0.177734 0.431641 0.167969
2 0.671875 0.312500 0.636719 0.306641 0.625000 0.300781 0.589844 0.300781 0.578125 0.330078 0.576172 0.345703 0.566406 0.359375 0.566406 0.373047 0.570312 0.380859 0.580078 0.388672 0.599609 0.392578 0.630859 0.378906 0.669922 0.337891 0.673828 0.326172
1 0.400391 0.298828 0.380859 0.271484 0.349609 0.259766 0.322266 0.261719 0.283203 0.271484 0.244141 0.271484 0.232422 0.275391 0.214844 0.287109 0.197266 0.326172 0.191406 0.357422 0.199219 0.386719 0.208984 0.402344 0.220703 0.412109 0.253906 0.431641 0.263672 0.433594 0.271484 0.441406 0.296875 0.441406 0.306641 0.437500 0.318359 0.427734 0.335938 0.423828 0.347656 0.396484 0.361328 0.380859 0.386719 0.361328 0.406250 0.326172
2 0.117188 0.335938 0.095703 0.332031 0.093750 0.365234 0.083984 0.382812 0.078125 0.412109 0.109375 0.406250 0.128906 0.398438 0.125000 0.375000 0.134766 0.357422
2 0.179688 0.361328 0.166016 0.359375 0.138672 0.365234 0.132812 0.375000 0.132812 0.386719 0.138672 0.398438 0.158203 0.400391 0.185547 0.373047
1 0.878906 0.351562 0.865234 0.324219 0.845703 0.304688 0.822266 0.296875 0.812500 0.289062 0.746094 0.285156 0.718750 0.296875 0.683594 0.324219 0.669922 0.341797 0.662109 0.359375 0.642578 0.380859 0.609375 0.396484 0.601562 0.410156 0.593750 0.437500 0.593750 0.470703 0.611328 0.482422 0.681641 0.503906 0.771484 0.509766 0.808594 0.496094 0.822266 0.484375 0.832031 0.460938 0.851562 0.441406 0.859375 0.423828 0.875000 0.404297 0.880859 0.375000
2 0.183594 0.380859 0.169922 0.390625 0.162109 0.402344 0.169922 0.414062 0.197266 0.433594 0.212891 0.419922 0.212891 0.414062 0.191406 0.380859
1 0.164062 0.410156 0.107422 0.410156 0.072266 0.417969 0.037109 0.445312 0.037109 0.490234 0.050781 0.513672 0.074219 0.539062 0.072266 0.544922 0.085938 0.572266 0.099609 0.572266 0.140625 0.556641 0.150391 0.548828 0.160156 0.533203 0.177734 0.470703 0.187500 0.458984 0.193359 0.443359 0.193359 0.433594
1 0.560547 0.375000 0.535156 0.373047 0.505859 0.404297 0.505859 0.410156 0.480469 0.449219 0.460938 0.460938 0.455078 0.460938 0.453125 0.464844 0.421875 0.472656 0.408203 0.484375 0.386719 0.492188 0.371094 0.507812 0.371094 0.519531 0.390625 0.556641 0.431641 0.603516 0.460938 0.621094 0.511719 0.619141 0.541016 0.578125 0.541016 0.554688 0.554688 0.542969 0.572266 0.513672 0.583984 0.501953 0.587891 0.490234 0.591797 0.419922 0.576172 0.388672
1 0.210938 0.439453 0.191406 0.480469 0.177734 0.500000 0.169922 0.527344 0.162109 0.539062 0.162109 0.562500 0.197266 0.597656 0.232422 0.599609 0.255859 0.587891 0.271484 0.562500 0.273438 0.515625 0.269531 0.511719 0.269531 0.488281 0.263672 0.474609 0.263672 0.464844 0.232422 0.443359
1 0.562500 0.531250 0.556641 0.548828 0.556641 0.572266 0.562500 0.601562 0.570312 0.607422 0.572266 0.615234 0.621094 0.634766 0.675781 0.634766 0.697266 0.628906 0.699219 0.625000 0.718750 0.617188 0.763672 0.556641 0.765625 0.537109 0.755859 0.527344 0.734375 0.523438 0.732422 0.519531 0.701172 0.507812 0.666016 0.503906 0.648438 0.496094 0.621094 0.496094 0.615234 0.501953 0.580078 0.517578
1 0.953125 0.591797 0.941406 0.572266 0.910156 0.546875 0.853516 0.513672 0.841797 0.513672 0.826172 0.525391 0.812500 0.554688 0.785156 0.589844 0.767578 0.642578 0.767578 0.652344 0.779297 0.671875 0.816406 0.667969 0.833984 0.656250 0.849609 0.652344 0.912109 0.654297 0.931641 0.650391 0.951172 0.636719
1 0.304688 0.482422 0.292969 0.482422 0.291016 0.486328 0.291016 0.533203 0.269531 0.583984 0.248047 0.609375 0.218750 0.625000 0.218750 0.662109 0.222656 0.667969 0.224609 0.716797 0.240234 0.742188 0.251953 0.742188 0.255859 0.738281 0.300781 0.738281 0.316406 0.732422 0.339844 0.732422 0.361328 0.726562 0.378906 0.703125 0.417969 0.681641 0.439453 0.662109 0.439453 0.652344 0.433594 0.644531 0.433594 0.634766 0.427734 0.621094 0.402344 0.593750 0.400391 0.585938 0.367188 0.535156 0.324219 0.515625 0.304688 0.492188
1 0.173828 0.574219 0.138672 0.570312 0.109375 0.580078 0.095703 0.589844 0.089844 0.589844 0.083984 0.597656 0.078125 0.597656 0.062500 0.619141 0.054688 0.664062 0.054688 0.697266 0.050781 0.701172 0.046875 0.724609 0.048828 0.814453 0.044922 0.820312 0.044922 0.833984 0.054688 0.851562 0.064453 0.847656 0.089844 0.847656 0.132812 0.835938 0.138672 0.824219 0.164062 0.832031 0.179688 0.830078 0.195312 0.824219 0.210938 0.800781 0.220703 0.755859 0.220703 0.667969 0.216797 0.662109 0.216797 0.625000 0.207031 0.607422
1 0.818359 0.679688 0.814453 0.689453 0.816406 0.707031 0.832031 0.742188 0.867188 0.798828 0.880859 0.806641 0.894531 0.808594 0.910156 0.818359 0.953125 0.816406 0.970703 0.806641 0.978516 0.779297 0.974609 0.730469 0.970703 0.710938 0.949219 0.669922 0.939453 0.664062 0.876953 0.671875 0.865234 0.666016 0.843750 0.666016
2 0.380859 0.753906 0.375000 0.748047 0.361328 0.744141 0.283203 0.746094 0.248047 0.759766 0.230469 0.783203 0.212891 0.798828 0.208984 0.808594 0.205078 0.841797 0.214844 0.865234 0.226562 0.869141 0.246094 0.857422 0.269531 0.855469 0.275391 0.851562 0.275391 0.843750 0.279297 0.839844 0.296875 0.837891 0.310547 0.845703 0.337891 0.847656 0.363281 0.841797 0.369141 0.849609 0.373047 0.849609 0.376953 0.841797 0.376953 0.820312 0.371094 0.810547 0.371094 0.789062 0.380859 0.763672
2 0.824219 0.763672 0.808594 0.777344 0.810547 0.794922 0.800781 0.808594 0.800781 0.853516 0.812500 0.880859 0.822266 0.890625 0.845703 0.894531 0.876953 0.880859 0.882812 0.875000 0.884766 0.867188 0.898438 0.855469 0.900391 0.830078 0.896484 0.820312 0.863281 0.798828 0.855469 0.787109 0.830078 0.763672
2 0.546875 0.810547 0.533203 0.796875 0.523438 0.792969 0.507812 0.792969 0.457031 0.804688 0.404297 0.808594 0.392578 0.822266 0.390625 0.855469 0.396484 0.869141 0.423828 0.873047 0.427734 0.878906 0.462891 0.884766 0.486328 0.876953 0.494141 0.865234 0.509766 0.857422 0.513672 0.849609 0.525391 0.845703 0.546875 0.824219
2 0.984375 0.822266 0.912109 0.833984 0.912109 0.841797 0.894531 0.863281 0.894531 0.892578 0.898438 0.900391 0.921875 0.921875 0.955078 0.921875 0.958984 0.917969 0.978516 0.914062 0.988281 0.906250 0.996094 0.849609 0.984375 0.830078
1 0.195312 0.857422 0.187500 0.853516 0.099609 0.853516 0.085938 0.859375 0.048828 0.863281 0.044922 0.992188 0.068359 0.992188 0.109375 0.978516 0.152344 0.914062 0.191406 0.888672 0.195312 0.882812
2 0.697266 0.906250 0.693359 0.904297 0.683594 0.912109 0.652344 0.957031 0.640625 0.984375 0.640625 0.998047 0.708984 0.996094 0.705078 0.990234
2 0.857422 0.935547 0.857422 0.964844 0.851562 0.998047 0.945312 0.998047 0.951172 0.990234 0.953125 0.972656 0.935547 0.955078 0.886719 0.931641 0.861328 0.931641
3 0.544922 0.595703 0.533203 0.603516 0.519531 0.623047 0.507812 0.628906 0.449219 0.636719 0.451172 0.658203 0.445312 0.679688 0.435547 0.689453 0.371094 0.720703 0.363281 0.728516 0.361328 0.738281 0.384766 0.753906 0.378906 0.783203 0.380859 0.806641 0.425781 0.798828 0.466797 0.783203 0.505859 0.783203 0.539062 0.792969 0.550781 0.810547 0.550781 0.826172 0.501953 0.867188 0.501953 0.880859 0.517578 0.894531 0.523438 0.919922 0.511719 0.960938 0.492188 0.998047 0.630859 0.998047 0.632812 0.978516 0.652344 0.933594 0.671875 0.908203 0.693359 0.902344 0.707031 0.906250 0.710938 0.902344 0.755859 0.900391 0.773438 0.904297 0.781250 0.916016 0.796875 0.916016 0.810547 0.906250 0.816406 0.888672 0.798828 0.855469 0.794922 0.816406 0.812500 0.746094 0.798828 0.722656 0.792969 0.695312 0.771484 0.669922 0.744141 0.664062 0.736328 0.654297 0.720703 0.648438 0.626953 0.646484 0.605469 0.636719 0.576172 0.630859 0.556641 0.617188 0.550781 0.597656
3 0.947266 0.107422 0.912109 0.115234 0.910156 0.128906 0.931641 0.152344 0.941406 0.185547 0.927734 0.230469 0.917969 0.240234 0.912109 0.255859 0.916016 0.271484 0.914062 0.298828 0.890625 0.330078 0.888672 0.351562 0.896484 0.367188 0.894531 0.390625 0.863281 0.447266 0.812500 0.498047 0.798828 0.503906 0.787109 0.519531 0.783203 0.542969 0.769531 0.560547 0.769531 0.570312 0.757812 0.595703 0.746094 0.601562 0.730469 0.626953 0.736328 0.646484 0.751953 0.646484 0.759766 0.621094 0.779297 0.597656 0.796875 0.558594 0.822266 0.527344 0.832031 0.503906 0.843750 0.490234 0.878906 0.470703 0.925781 0.457031 0.964844 0.457031 0.998047 0.466797 0.998047 0.410156 0.984375 0.396484 0.982422 0.369141 0.974609 0.347656 0.982422 0.298828 0.982422 0.255859 0.970703 0.250000 0.957031 0.228516 0.949219 0.162109 0.957031 0.119141
3 0.998047 0.000000 0.990234 0.005859 0.988281 0.000000 0.957031 0.000000 0.955078 0.003906 0.960938 0.027344 0.972656 0.033203 0.964844 0.039062 0.958984 0.052734 0.960938 0.072266 0.968750 0.080078 0.974609 0.097656 0.966797 0.125000 0.970703 0.158203 0.998047 0.148438
