0 0.806641 0.001953 0.808594 0.003906 0.808594 0.011719 0.816406 0.021484 0.830078 0.021484 0.837891 0.011719 0.837891 0.000000 0.808594 0.000000
0 0.933594 0.000000 0.933594 0.015625 0.943359 0.027344 0.957031 0.027344 0.964844 0.019531 0.966797 0.015625 0.966797 0.000000
0 0.250000 0.000000 0.242188 0.009766 0.242188 0.023438 0.244141 0.027344 0.253906 0.035156 0.273438 0.035156 0.277344 0.033203 0.285156 0.023438 0.285156 0.009766 0.283203 0.005859 0.277344 0.000000
0 0.644531 0.007812 0.634766 0.015625 0.630859 0.023438 0.630859 0.041016 0.634766 0.048828 0.640625 0.054688 0.644531 0.056641 0.660156 0.056641 0.669922 0.048828 0.673828 0.041016 0.673828 0.023438 0.669922 0.015625 0.664062 0.009766 0.660156 0.007812
0 0.046875 0.027344 0.046875 0.070312 0.054688 0.070312 0.058594 0.074219 0.066406 0.074219 0.068359 0.076172 0.097656 0.078125 0.099609 0.080078 0.109375 0.080078 0.111328 0.082031 0.125000 0.083984 0.117188 0.076172 0.115234 0.072266 0.115234 0.064453 0.113281 0.062500 0.115234 0.060547 0.115234 0.052734 0.117188 0.048828 0.126953 0.039062 0.134766 0.035156 0.152344 0.035156 0.160156 0.039062 0.171875 0.052734 0.171875 0.072266 0.169922 0.076172 0.160156 0.085938 0.152344 0.089844 0.175781 0.089844 0.177734 0.087891 0.193359 0.087891 0.195312 0.085938 0.214844 0.083984 0.218750 0.080078 0.230469 0.076172 0.244141 0.064453 0.240234 0.058594 0.240234 0.021484 0.232422 0.005859 0.228516 0.001953 0.224609 0.001953 0.222656 0.000000 0.056641 0.000000 0.056641 0.003906 0.050781 0.015625 0.050781 0.021484
0 0.714844 0.031250 0.714844 0.044922 0.724609 0.052734 0.738281 0.052734 0.748047 0.044922 0.748047 0.031250 0.738281 0.023438 0.724609 0.023438
0 0.511719 0.031250 0.505859 0.037109 0.505859 0.041016 0.503906 0.042969 0.503906 0.050781 0.501953 0.052734 0.503906 0.054688 0.503906 0.062500 0.505859 0.064453 0.505859 0.068359 0.511719 0.074219 0.521484 0.074219 0.527344 0.068359 0.527344 0.064453 0.529297 0.062500 0.529297 0.042969 0.527344 0.041016 0.527344 0.037109 0.521484 0.031250
0 0.134766 0.037109 0.126953 0.041016 0.119141 0.048828 0.117188 0.052734 0.117188 0.060547 0.115234 0.062500 0.117188 0.064453 0.117188 0.072266 0.126953 0.083984 0.134766 0.087891 0.152344 0.087891 0.160156 0.083984 0.167969 0.076172 0.169922 0.072266 0.169922 0.052734 0.160156 0.041016 0.152344 0.037109
0 0.960938 0.107422 0.957031 0.109375 0.945312 0.123047 0.945312 0.144531 0.957031 0.158203 0.960938 0.160156 0.976562 0.160156 0.980469 0.158203 0.992188 0.144531 0.992188 0.123047 0.980469 0.109375 0.976562 0.107422
0 0.109375 0.138672 0.105469 0.140625 0.095703 0.152344 0.095703 0.160156 0.093750 0.162109 0.095703 0.164062 0.095703 0.171875 0.097656 0.175781 0.109375 0.185547 0.126953 0.185547 0.130859 0.183594 0.140625 0.171875 0.140625 0.152344 0.138672 0.148438 0.126953 0.138672
0 0.097656 0.193359 0.093750 0.195312 0.085938 0.205078 0.085938 0.218750 0.087891 0.222656 0.097656 0.230469 0.113281 0.230469 0.117188 0.228516 0.125000 0.218750 0.125000 0.205078 0.123047 0.201172 0.113281 0.193359
0 0.160156 0.201172 0.156250 0.203125 0.146484 0.214844 0.146484 0.232422 0.148438 0.236328 0.160156 0.246094 0.177734 0.246094 0.181641 0.244141 0.191406 0.232422 0.191406 0.214844 0.189453 0.210938 0.177734 0.201172
0 0.916016 0.220703 0.906250 0.226562 0.898438 0.236328 0.896484 0.250000 0.894531 0.251953 0.896484 0.253906 0.898438 0.267578 0.906250 0.277344 0.916016 0.283203 0.937500 0.283203 0.947266 0.277344 0.955078 0.267578 0.955078 0.263672 0.957031 0.261719 0.957031 0.242188 0.955078 0.240234 0.955078 0.236328 0.947266 0.226562 0.937500 0.220703
0 0.332031 0.240234 0.322266 0.248047 0.318359 0.255859 0.318359 0.263672 0.316406 0.265625 0.318359 0.267578 0.318359 0.275391 0.322266 0.283203 0.332031 0.291016 0.349609 0.291016 0.359375 0.283203 0.363281 0.275391 0.363281 0.255859 0.359375 0.248047 0.349609 0.240234
0 0.578125 0.248047 0.574219 0.250000 0.566406 0.259766 0.566406 0.267578 0.564453 0.269531 0.566406 0.271484 0.566406 0.279297 0.574219 0.289062 0.578125 0.291016 0.589844 0.291016 0.593750 0.289062 0.601562 0.279297 0.601562 0.259766 0.593750 0.250000 0.589844 0.248047
0 0.480469 0.294922 0.470703 0.300781 0.464844 0.310547 0.464844 0.328125 0.470703 0.337891 0.480469 0.343750 0.498047 0.343750 0.507812 0.337891 0.513672 0.328125 0.513672 0.310547 0.507812 0.300781 0.498047 0.294922
0 0.318359 0.318359 0.310547 0.326172 0.310547 0.332031 0.308594 0.333984 0.310547 0.335938 0.310547 0.341797 0.318359 0.349609 0.333984 0.349609 0.341797 0.341797 0.341797 0.326172 0.333984 0.318359
0 0.195312 0.308594 0.187500 0.312500 0.177734 0.322266 0.173828 0.330078 0.173828 0.337891 0.171875 0.339844 0.173828 0.341797 0.173828 0.349609 0.177734 0.357422 0.187500 0.367188 0.195312 0.371094 0.218750 0.371094 0.226562 0.367188 0.236328 0.357422 0.240234 0.349609 0.240234 0.330078 0.236328 0.322266 0.226562 0.312500 0.218750 0.308594
0 0.882812 0.355469 0.880859 0.359375 0.880859 0.376953 0.890625 0.388672 0.898438 0.392578 0.919922 0.392578 0.927734 0.388672 0.937500 0.376953 0.937500 0.359375 0.935547 0.355469 0.927734 0.347656 0.919922 0.343750 0.898438 0.343750 0.890625 0.347656
0 0.292969 0.378906 0.285156 0.386719 0.285156 0.400391 0.292969 0.408203 0.308594 0.408203 0.316406 0.400391 0.316406 0.386719 0.308594 0.378906
0 0.730469 0.371094 0.726562 0.373047 0.714844 0.386719 0.714844 0.394531 0.712891 0.396484 0.714844 0.398438 0.714844 0.406250 0.716797 0.410156 0.730469 0.421875 0.750000 0.421875 0.753906 0.419922 0.765625 0.406250 0.765625 0.386719 0.763672 0.382812 0.750000 0.371094
0 0.080078 0.361328 0.068359 0.367188 0.056641 0.380859 0.052734 0.390625 0.052734 0.416016 0.060547 0.431641 0.074219 0.443359 0.078125 0.443359 0.080078 0.445312 0.099609 0.445312 0.111328 0.439453 0.123047 0.425781 0.126953 0.416016 0.126953 0.390625 0.119141 0.375000 0.105469 0.363281 0.101562 0.363281 0.099609 0.361328
0 0.585938 0.392578 0.572266 0.404297 0.572266 0.408203 0.570312 0.410156 0.570312 0.427734 0.572266 0.429688 0.572266 0.433594 0.582031 0.443359 0.585938 0.445312 0.603516 0.445312 0.617188 0.433594 0.617188 0.429688 0.619141 0.427734 0.619141 0.410156 0.617188 0.408203 0.617188 0.404297 0.607422 0.394531 0.603516 0.392578
0 0.664062 0.398438 0.660156 0.400391 0.650391 0.412109 0.650391 0.433594 0.660156 0.445312 0.664062 0.447266 0.677734 0.447266 0.681641 0.445312 0.691406 0.433594 0.691406 0.414062 0.689453 0.412109 0.689453 0.408203 0.681641 0.400391 0.677734 0.398438
0 0.873047 0.416016 0.865234 0.421875 0.861328 0.429688 0.861328 0.435547 0.859375 0.437500 0.861328 0.439453 0.861328 0.445312 0.869141 0.457031 0.873047 0.458984 0.888672 0.458984 0.896484 0.453125 0.900391 0.445312 0.900391 0.429688 0.892578 0.417969 0.888672 0.416016
0 0.726562 0.439453 0.718750 0.443359 0.710938 0.455078 0.710938 0.462891 0.708984 0.464844 0.710938 0.466797 0.710938 0.474609 0.718750 0.486328 0.726562 0.490234 0.742188 0.490234 0.750000 0.486328 0.757812 0.474609 0.757812 0.455078 0.750000 0.443359 0.742188 0.439453
0 0.378906 0.458984 0.375000 0.464844 0.375000 0.482422 0.378906 0.488281 0.386719 0.488281 0.390625 0.482422 0.390625 0.464844 0.386719 0.458984
0 0.896484 0.460938 0.886719 0.470703 0.886719 0.476562 0.884766 0.478516 0.886719 0.480469 0.886719 0.486328 0.896484 0.496094 0.914062 0.496094 0.923828 0.486328 0.923828 0.470703 0.914062 0.460938
0 0.656250 0.462891 0.648438 0.466797 0.640625 0.474609 0.636719 0.482422 0.636719 0.500000 0.640625 0.507812 0.648438 0.515625 0.656250 0.519531 0.677734 0.519531 0.685547 0.515625 0.693359 0.507812 0.697266 0.500000 0.697266 0.482422 0.693359 0.474609 0.685547 0.466797 0.677734 0.462891
0 0.208984 0.480469 0.205078 0.486328 0.205078 0.503906 0.212891 0.513672 0.220703 0.517578 0.240234 0.517578 0.248047 0.513672 0.255859 0.503906 0.255859 0.486328 0.248047 0.476562 0.240234 0.472656 0.220703 0.472656
0 0.664062 0.535156 0.660156 0.537109 0.652344 0.546875 0.652344 0.560547 0.654297 0.564453 0.664062 0.572266 0.677734 0.572266 0.681641 0.570312 0.689453 0.560547 0.689453 0.546875 0.687500 0.542969 0.677734 0.535156
0 0.443359 0.580078 0.435547 0.583984 0.427734 0.591797 0.425781 0.595703 0.425781 0.613281 0.435547 0.625000 0.443359 0.628906 0.462891 0.628906 0.470703 0.625000 0.478516 0.617188 0.480469 0.613281 0.480469 0.595703 0.470703 0.583984 0.462891 0.580078
0 0.972656 0.591797 0.968750 0.593750 0.960938 0.603516 0.960938 0.621094 0.962891 0.625000 0.972656 0.632812 0.988281 0.632812 0.998047 0.625000 0.998047 0.599609 0.988281 0.591797
0 0.748047 0.599609 0.736328 0.609375 0.732422 0.617188 0.732422 0.625000 0.730469 0.626953 0.732422 0.628906 0.732422 0.636719 0.736328 0.644531 0.744141 0.652344 0.748047 0.654297 0.765625 0.654297 0.777344 0.644531 0.781250 0.636719 0.781250 0.617188 0.777344 0.609375 0.769531 0.601562 0.765625 0.599609
0 0.666016 0.603516 0.662109 0.605469 0.650391 0.619141 0.650391 0.626953 0.648438 0.628906 0.650391 0.630859 0.650391 0.638672 0.652344 0.642578 0.666016 0.654297 0.683594 0.654297 0.687500 0.652344 0.699219 0.638672 0.699219 0.619141 0.697266 0.615234 0.683594 0.603516
0 0.302734 0.632812 0.292969 0.642578 0.289062 0.650391 0.289062 0.658203 0.287109 0.660156 0.289062 0.662109 0.289062 0.669922 0.292969 0.677734 0.302734 0.687500 0.306641 0.687500 0.308594 0.689453 0.326172 0.689453 0.328125 0.687500 0.332031 0.687500 0.341797 0.677734 0.345703 0.669922 0.345703 0.650391 0.341797 0.642578 0.332031 0.632812 0.328125 0.632812 0.326172 0.630859 0.308594 0.630859 0.306641 0.632812
0 0.117188 0.667969 0.107422 0.677734 0.107422 0.695312 0.117188 0.705078 0.132812 0.705078 0.142578 0.695312 0.142578 0.677734 0.132812 0.667969
0 0.619141 0.667969 0.609375 0.675781 0.605469 0.683594 0.605469 0.701172 0.609375 0.708984 0.615234 0.714844 0.619141 0.716797 0.636719 0.716797 0.646484 0.708984 0.650391 0.701172 0.650391 0.683594 0.646484 0.675781 0.640625 0.669922 0.636719 0.667969
0 0.689453 0.681641 0.685547 0.683594 0.675781 0.695312 0.675781 0.712891 0.685547 0.724609 0.689453 0.726562 0.703125 0.726562 0.707031 0.724609 0.716797 0.712891 0.716797 0.695312 0.707031 0.683594 0.703125 0.681641
0 0.916016 0.687500 0.908203 0.691406 0.898438 0.701172 0.898438 0.705078 0.896484 0.707031 0.896484 0.724609 0.898438 0.726562 0.898438 0.730469 0.908203 0.740234 0.916016 0.744141 0.935547 0.744141 0.943359 0.740234 0.953125 0.730469 0.953125 0.726562 0.955078 0.724609 0.955078 0.707031 0.951172 0.699219 0.943359 0.691406 0.935547 0.687500
0 0.789062 0.761719 0.791016 0.765625 0.798828 0.771484 0.816406 0.771484 0.824219 0.765625 0.824219 0.757812 0.816406 0.751953 0.798828 0.751953 0.794922 0.753906
0 0.462891 0.732422 0.458984 0.734375 0.449219 0.746094 0.449219 0.750000 0.447266 0.751953 0.447266 0.761719 0.445312 0.763672 0.447266 0.765625 0.447266 0.775391 0.449219 0.777344 0.449219 0.781250 0.458984 0.792969 0.462891 0.794922 0.478516 0.794922 0.482422 0.792969 0.492188 0.781250 0.492188 0.777344 0.494141 0.775391 0.494141 0.751953 0.492188 0.750000 0.492188 0.746094 0.482422 0.734375 0.478516 0.732422
0 0.785156 0.798828 0.787109 0.800781 0.787109 0.804688 0.794922 0.810547 0.812500 0.810547 0.820312 0.804688 0.820312 0.792969 0.812500 0.787109 0.794922 0.787109 0.787109 0.792969 0.787109 0.796875
0 0.164062 0.781250 0.160156 0.783203 0.150391 0.794922 0.150391 0.800781 0.148438 0.802734 0.150391 0.804688 0.150391 0.810547 0.152344 0.814453 0.164062 0.824219 0.179688 0.824219 0.183594 0.822266 0.193359 0.810547 0.193359 0.794922 0.191406 0.791016 0.179688 0.781250
0 0.716797 0.779297 0.712891 0.781250 0.701172 0.794922 0.701172 0.802734 0.699219 0.804688 0.701172 0.806641 0.701172 0.814453 0.703125 0.818359 0.716797 0.830078 0.734375 0.830078 0.738281 0.828125 0.750000 0.814453 0.750000 0.794922 0.748047 0.791016 0.734375 0.779297
0 0.515625 0.791016 0.511719 0.792969 0.501953 0.804688 0.501953 0.810547 0.500000 0.812500 0.501953 0.814453 0.501953 0.820312 0.503906 0.824219 0.515625 0.833984 0.531250 0.833984 0.535156 0.832031 0.544922 0.820312 0.544922 0.804688 0.542969 0.800781 0.531250 0.791016
0 0.259766 0.789062 0.251953 0.792969 0.246094 0.798828 0.242188 0.806641 0.242188 0.814453 0.240234 0.816406 0.242188 0.818359 0.242188 0.826172 0.246094 0.833984 0.251953 0.839844 0.259766 0.843750 0.277344 0.843750 0.285156 0.839844 0.294922 0.826172 0.294922 0.806641 0.291016 0.798828 0.285156 0.792969 0.277344 0.789062
0 0.406250 0.798828 0.398438 0.804688 0.394531 0.812500 0.394531 0.818359 0.392578 0.820312 0.394531 0.822266 0.394531 0.828125 0.398438 0.835938 0.406250 0.841797 0.423828 0.841797 0.431641 0.835938 0.435547 0.828125 0.435547 0.812500 0.431641 0.804688 0.423828 0.798828
0 0.292969 0.832031 0.287109 0.837891 0.287109 0.843750 0.285156 0.845703 0.287109 0.847656 0.287109 0.853516 0.292969 0.859375 0.304688 0.859375 0.310547 0.853516 0.310547 0.837891 0.304688 0.832031
0 0.130859 0.843750 0.125000 0.847656 0.121094 0.853516 0.121094 0.867188 0.123047 0.871094 0.130859 0.876953 0.148438 0.876953 0.154297 0.873047 0.158203 0.867188 0.158203 0.853516 0.156250 0.849609 0.148438 0.843750
0 0.455078 0.863281 0.451172 0.865234 0.441406 0.876953 0.441406 0.894531 0.443359 0.898438 0.455078 0.908203 0.474609 0.908203 0.478516 0.906250 0.488281 0.894531 0.488281 0.876953 0.486328 0.873047 0.474609 0.863281
0 0.984375 0.876953 0.976562 0.882812 0.972656 0.890625 0.972656 0.896484 0.970703 0.898438 0.972656 0.900391 0.972656 0.906250 0.980469 0.917969 0.984375 0.919922 0.998047 0.919922 0.998047 0.876953
0 0.291016 0.896484 0.287109 0.898438 0.281250 0.906250 0.281250 0.923828 0.285156 0.929688 0.291016 0.933594 0.304688 0.933594 0.308594 0.931641 0.314453 0.923828 0.314453 0.906250 0.310547 0.900391 0.304688 0.896484
0 0.554688 0.896484 0.550781 0.898438 0.541016 0.910156 0.541016 0.916016 0.539062 0.917969 0.541016 0.919922 0.541016 0.925781 0.542969 0.929688 0.554688 0.939453 0.572266 0.939453 0.576172 0.937500 0.585938 0.925781 0.585938 0.910156 0.583984 0.906250 0.572266 0.896484
2 0.917969 0.056641 0.935547 0.046875 0.953125 0.031250 0.990234 0.015625 0.996094 0.007812 0.996094 0.000000 0.919922 0.000000 0.912109 0.039062 0.917969 0.046875
1 0.240234 0.001953 0.238281 0.019531 0.250000 0.044922 0.250000 0.058594 0.259766 0.068359 0.271484 0.068359 0.277344 0.074219 0.302734 0.083984 0.314453 0.083984 0.335938 0.074219 0.365234 0.041016 0.365234 0.025391 0.357422 0.000000
2 0.707031 0.000000 0.705078 0.007812 0.710938 0.015625 0.707031 0.066406 0.714844 0.091797 0.720703 0.095703 0.730469 0.095703 0.771484 0.068359 0.771484 0.056641 0.763672 0.041016 0.757812 0.009766 0.753906 0.005859 0.738281 0.000000
2 0.626953 0.001953 0.623047 0.011719 0.613281 0.021484 0.574219 0.048828 0.574219 0.066406 0.583984 0.072266 0.589844 0.083984 0.613281 0.099609 0.666016 0.105469 0.691406 0.087891 0.703125 0.066406 0.705078 0.033203 0.695312 0.000000
2 0.500000 0.017578 0.492188 0.037109 0.488281 0.070312 0.494141 0.103516 0.503906 0.125000 0.511719 0.132812 0.525391 0.134766 0.541016 0.105469 0.550781 0.093750 0.564453 0.091797 0.566406 0.082031 0.556641 0.054688 0.537109 0.037109 0.529297 0.023438
1 0.978516 0.031250 0.949219 0.037109 0.925781 0.052734 0.908203 0.085938 0.892578 0.103516 0.888672 0.126953 0.884766 0.130859 0.882812 0.164062 0.892578 0.185547 0.906250 0.195312 0.916016 0.195312 0.927734 0.185547 0.947266 0.181641 0.998047 0.189453 0.998047 0.044922
1 0.048828 0.093750 0.041016 0.107422 0.042969 0.123047 0.064453 0.136719 0.076172 0.138672 0.087891 0.150391 0.091797 0.175781 0.101562 0.183594 0.119141 0.187500 0.132812 0.185547 0.142578 0.171875 0.150391 0.136719 0.152344 0.105469 0.146484 0.095703 0.115234 0.091797 0.107422 0.083984 0.099609 0.082031 0.074219 0.083984
1 0.277344 0.076172 0.261719 0.074219 0.224609 0.087891 0.207031 0.089844 0.187500 0.101562 0.173828 0.115234 0.150391 0.152344 0.132812 0.228516 0.132812 0.244141 0.136719 0.250000 0.146484 0.255859 0.187500 0.250000 0.236328 0.273438 0.265625 0.275391 0.271484 0.269531 0.283203 0.244141 0.292969 0.232422 0.306641 0.191406 0.304688 0.123047 0.289062 0.087891
1 0.021484 0.152344 0.017578 0.177734 0.011719 0.191406 0.011719 0.246094 0.021484 0.271484 0.039062 0.285156 0.095703 0.281250 0.130859 0.267578 0.128906 0.201172 0.121094 0.193359 0.087891 0.185547 0.083984 0.181641 0.082031 0.162109 0.076172 0.150391 0.054688 0.142578 0.035156 0.142578
1 0.460938 0.167969 0.451172 0.189453 0.451172 0.199219 0.466797 0.226562 0.513672 0.251953 0.556641 0.255859 0.566406 0.267578 0.574219 0.304688 0.583984 0.304688 0.601562 0.312500 0.621094 0.312500 0.652344 0.291016 0.656250 0.281250 0.656250 0.255859 0.642578 0.218750 0.623047 0.197266 0.603516 0.181641 0.587891 0.175781 0.548828 0.150391 0.527344 0.144531 0.490234 0.150391 0.468750 0.160156
2 0.867188 0.244141 0.861328 0.255859 0.861328 0.275391 0.873047 0.289062 0.896484 0.296875 0.935547 0.298828 0.949219 0.308594 0.962891 0.310547 0.982422 0.322266 0.996094 0.324219 0.998047 0.208984 0.988281 0.201172 0.966797 0.193359 0.937500 0.193359 0.919922 0.197266 0.886719 0.222656
1 0.291016 0.238281 0.281250 0.257812 0.281250 0.271484 0.294922 0.289062 0.308594 0.291016 0.328125 0.304688 0.378906 0.314453 0.398438 0.310547 0.410156 0.292969 0.410156 0.263672 0.406250 0.250000 0.394531 0.238281 0.380859 0.232422 0.337891 0.224609 0.320312 0.224609
1 0.548828 0.265625 0.503906 0.255859 0.486328 0.255859 0.464844 0.269531 0.458984 0.277344 0.449219 0.333984 0.449219 0.357422 0.455078 0.369141 0.453125 0.386719 0.470703 0.394531 0.484375 0.373047 0.507812 0.367188 0.511719 0.363281 0.523438 0.363281 0.537109 0.351562 0.552734 0.349609 0.562500 0.341797 0.568359 0.316406 0.568359 0.298828
1 0.166016 0.253906 0.160156 0.257812 0.140625 0.259766 0.132812 0.263672 0.130859 0.269531 0.117188 0.273438 0.103516 0.292969 0.103516 0.304688 0.144531 0.376953 0.136719 0.425781 0.154297 0.441406 0.175781 0.482422 0.193359 0.482422 0.197266 0.478516 0.199219 0.462891 0.205078 0.457031 0.218750 0.455078 0.224609 0.445312 0.218750 0.394531 0.212891 0.384766 0.255859 0.345703 0.263672 0.326172 0.263672 0.308594 0.246094 0.275391 0.230469 0.273438 0.189453 0.253906
2 0.867188 0.322266 0.861328 0.335938 0.861328 0.363281 0.865234 0.375000 0.878906 0.392578 0.900391 0.402344 0.939453 0.404297 0.974609 0.380859 0.976562 0.367188 0.968750 0.339844 0.955078 0.318359 0.917969 0.304688 0.892578 0.302734
1 0.277344 0.292969 0.273438 0.310547 0.275391 0.324219 0.337891 0.367188 0.353516 0.390625 0.355469 0.400391 0.375000 0.421875 0.380859 0.417969 0.396484 0.423828 0.414062 0.423828 0.419922 0.419922 0.421875 0.398438 0.414062 0.371094 0.398438 0.337891 0.386719 0.326172 0.347656 0.318359 0.291016 0.294922
2 0.746094 0.294922 0.724609 0.302734 0.701172 0.318359 0.693359 0.337891 0.693359 0.398438 0.714844 0.417969 0.759766 0.421875 0.773438 0.414062 0.781250 0.396484 0.781250 0.355469 0.769531 0.298828
2 0.687500 0.345703 0.658203 0.371094 0.632812 0.410156 0.611328 0.427734 0.615234 0.441406 0.644531 0.449219 0.687500 0.449219 0.693359 0.433594 0.691406 0.406250 0.687500 0.398438
1 0.257812 0.341797 0.257812 0.345703 0.226562 0.376953 0.230469 0.386719 0.224609 0.416016 0.226562 0.429688 0.238281 0.443359 0.244141 0.457031 0.257812 0.470703 0.265625 0.470703 0.291016 0.482422 0.324219 0.507812 0.355469 0.507812 0.363281 0.501953 0.369141 0.480469 0.369141 0.447266 0.357422 0.408203 0.343750 0.394531 0.339844 0.384766 0.312500 0.357422 0.283203 0.341797
2 0.921875 0.425781 0.873047 0.392578 0.855469 0.392578 0.828125 0.414062 0.818359 0.435547 0.816406 0.449219 0.824219 0.466797 0.830078 0.470703 0.857422 0.472656 0.917969 0.441406 0.923828 0.433594
2 0.701172 0.419922 0.693359 0.443359 0.693359 0.460938 0.703125 0.470703 0.712891 0.494141 0.746094 0.490234 0.783203 0.464844 0.781250 0.449219 0.771484 0.437500 0.732422 0.421875
1 0.080078 0.287109 0.064453 0.287109 0.048828 0.298828 0.044922 0.306641 0.042969 0.330078 0.027344 0.343750 0.000000 0.410156 0.000000 0.566406 0.027344 0.587891 0.097656 0.587891 0.121094 0.580078 0.136719 0.570312 0.177734 0.525391 0.177734 0.513672 0.181641 0.509766 0.173828 0.488281 0.154297 0.466797 0.130859 0.431641 0.128906 0.367188 0.107422 0.318359 0.091797 0.294922
2 0.423828 0.425781 0.396484 0.425781 0.380859 0.419922 0.375000 0.423828 0.371094 0.431641 0.371094 0.492188 0.367188 0.511719 0.382812 0.513672 0.421875 0.486328 0.423828 0.451172 0.427734 0.441406 0.427734 0.431641
2 0.695312 0.470703 0.685547 0.458984 0.669922 0.453125 0.658203 0.453125 0.636719 0.460938 0.625000 0.472656 0.607422 0.482422 0.589844 0.517578 0.591797 0.535156 0.619141 0.539062 0.648438 0.525391 0.691406 0.519531 0.701172 0.501953 0.701172 0.484375
1 0.966797 0.449219 0.949219 0.441406 0.925781 0.439453 0.900391 0.451172 0.873047 0.472656 0.843750 0.480469 0.835938 0.486328 0.822266 0.513672 0.820312 0.537109 0.832031 0.599609 0.839844 0.617188 0.890625 0.628906 0.898438 0.621094 0.910156 0.619141 0.941406 0.603516 0.951172 0.587891 0.964844 0.578125 0.968750 0.560547 0.974609 0.554688 0.980469 0.513672 0.980469 0.484375
2 0.710938 0.544922 0.707031 0.535156 0.695312 0.527344 0.664062 0.527344 0.654297 0.535156 0.634766 0.537109 0.611328 0.550781 0.605469 0.560547 0.607422 0.572266 0.625000 0.576172 0.712891 0.568359
1 0.220703 0.460938 0.208984 0.460938 0.185547 0.525391 0.173828 0.542969 0.160156 0.552734 0.140625 0.576172 0.140625 0.603516 0.152344 0.626953 0.160156 0.634766 0.195312 0.650391 0.220703 0.650391 0.232422 0.640625 0.255859 0.632812 0.263672 0.626953 0.271484 0.611328 0.300781 0.585938 0.310547 0.585938 0.318359 0.580078 0.322266 0.566406 0.324219 0.519531 0.302734 0.505859 0.279297 0.484375 0.257812 0.476562 0.248047 0.468750
2 0.982422 0.556641 0.974609 0.556641 0.970703 0.560547 0.970703 0.568359 0.974609 0.572266 0.966797 0.580078 0.958984 0.582031 0.943359 0.599609 0.943359 0.617188 0.962891 0.632812 0.966797 0.638672 0.962891 0.642578 0.978516 0.640625 0.984375 0.634766 0.998047 0.630859 0.998047 0.562500
2 0.701172 0.576172 0.664062 0.576172 0.646484 0.583984 0.623047 0.603516 0.621094 0.636719 0.628906 0.654297 0.640625 0.666016 0.652344 0.669922 0.666016 0.662109 0.685547 0.660156 0.697266 0.654297 0.705078 0.638672 0.707031 0.580078
1 0.759766 0.564453 0.736328 0.574219 0.722656 0.591797 0.712891 0.638672 0.718750 0.667969 0.726562 0.671875 0.738281 0.689453 0.771484 0.712891 0.791016 0.716797 0.806641 0.714844 0.824219 0.701172 0.835938 0.675781 0.835938 0.656250 0.812500 0.582031 0.804688 0.570312 0.794922 0.562500
1 0.376953 0.580078 0.369141 0.576172 0.343750 0.576172 0.316406 0.583984 0.289062 0.611328 0.279297 0.634766 0.253906 0.646484 0.238281 0.671875 0.238281 0.683594 0.246094 0.693359 0.253906 0.695312 0.277344 0.720703 0.320312 0.722656 0.363281 0.708984 0.388672 0.669922 0.388672 0.660156 0.398438 0.640625 0.396484 0.605469 0.390625 0.593750
2 0.160156 0.660156 0.089844 0.654297 0.082031 0.660156 0.078125 0.675781 0.093750 0.703125 0.080078 0.726562 0.078125 0.757812 0.089844 0.763672 0.093750 0.751953 0.119141 0.736328 0.140625 0.707031 0.167969 0.691406 0.173828 0.679688 0.169922 0.669922
2 0.664062 0.673828 0.654297 0.707031 0.654297 0.722656 0.662109 0.738281 0.669922 0.742188 0.701172 0.744141 0.714844 0.738281 0.732422 0.736328 0.742188 0.728516 0.740234 0.707031 0.720703 0.675781 0.697266 0.666016 0.677734 0.666016
1 0.853516 0.652344 0.853516 0.664062 0.847656 0.677734 0.849609 0.732422 0.865234 0.736328 0.875000 0.748047 0.898438 0.800781 0.904297 0.806641 0.927734 0.814453 0.955078 0.814453 0.998047 0.804688 0.998047 0.697266 0.972656 0.669922 0.960938 0.642578 0.964844 0.640625 0.960938 0.632812 0.939453 0.621094 0.917969 0.621094 0.906250 0.625000 0.878906 0.646484
2 0.599609 0.669922 0.593750 0.677734 0.589844 0.701172 0.578125 0.710938 0.576172 0.736328 0.585938 0.753906 0.615234 0.785156 0.628906 0.789062 0.685547 0.791016 0.685547 0.761719 0.652344 0.734375 0.656250 0.677734 0.632812 0.662109 0.619141 0.662109
1 0.388672 0.742188 0.390625 0.748047 0.406250 0.755859 0.425781 0.773438 0.441406 0.779297 0.470703 0.808594 0.476562 0.808594 0.482422 0.792969 0.498047 0.777344 0.548828 0.763672 0.566406 0.751953 0.556641 0.724609 0.541016 0.707031 0.513672 0.695312 0.476562 0.687500 0.443359 0.689453 0.410156 0.705078
2 0.769531 0.724609 0.763672 0.750000 0.769531 0.759766 0.787109 0.773438 0.810547 0.783203 0.839844 0.785156 0.845703 0.781250 0.849609 0.773438 0.849609 0.759766 0.826172 0.726562 0.810547 0.718750 0.775391 0.718750
1 0.164062 0.705078 0.138672 0.716797 0.126953 0.738281 0.107422 0.750000 0.103516 0.761719 0.105469 0.777344 0.119141 0.787109 0.138672 0.824219 0.146484 0.832031 0.166016 0.837891 0.175781 0.845703 0.191406 0.845703 0.203125 0.837891 0.218750 0.796875 0.218750 0.712891 0.203125 0.705078
1 0.269531 0.724609 0.246094 0.726562 0.236328 0.732422 0.232422 0.730469 0.224609 0.744141 0.226562 0.775391 0.224609 0.789062 0.220703 0.792969 0.220703 0.818359 0.216797 0.820312 0.216797 0.855469 0.222656 0.861328 0.257812 0.863281 0.277344 0.847656 0.291016 0.828125 0.304688 0.822266 0.318359 0.804688 0.320312 0.775391 0.316406 0.771484 0.314453 0.757812 0.304688 0.746094 0.289062 0.740234
1 0.742188 0.736328 0.712891 0.750000 0.695312 0.773438 0.693359 0.785156 0.683594 0.800781 0.675781 0.824219 0.675781 0.837891 0.681641 0.849609 0.714844 0.869141 0.726562 0.869141 0.746094 0.861328 0.767578 0.818359 0.769531 0.769531 0.757812 0.748047
2 0.609375 0.802734 0.589844 0.771484 0.568359 0.767578 0.539062 0.777344 0.517578 0.779297 0.486328 0.791016 0.476562 0.824219 0.535156 0.847656 0.546875 0.857422 0.564453 0.857422 0.593750 0.845703 0.605469 0.833984
2 0.771484 0.789062 0.769531 0.802734 0.785156 0.837891 0.792969 0.843750 0.830078 0.845703 0.847656 0.835938 0.851562 0.826172 0.851562 0.806641 0.841797 0.791016 0.818359 0.789062 0.800781 0.779297 0.781250 0.779297 0.781250 0.783203
2 0.445312 0.791016 0.404297 0.773438 0.392578 0.775391 0.373047 0.789062 0.365234 0.802734 0.361328 0.826172 0.361328 0.853516 0.369141 0.894531 0.392578 0.894531 0.396484 0.876953 0.406250 0.863281 0.427734 0.849609 0.453125 0.843750 0.460938 0.828125 0.460938 0.820312
1 0.312500 0.814453 0.304688 0.824219 0.289062 0.832031 0.283203 0.841797 0.283203 0.855469 0.312500 0.867188 0.322266 0.867188 0.332031 0.878906 0.337891 0.878906 0.343750 0.859375 0.333984 0.828125 0.328125 0.818359
1 0.052734 0.894531 0.068359 0.898438 0.125000 0.884766 0.179688 0.886719 0.199219 0.876953 0.205078 0.871094 0.207031 0.861328 0.197266 0.853516 0.152344 0.841797 0.144531 0.833984 0.132812 0.832031 0.105469 0.785156 0.091797 0.794922 0.083984 0.806641 0.076172 0.835938 0.066406 0.845703 0.056641 0.865234
2 0.535156 0.861328 0.496094 0.843750 0.460938 0.837891 0.447266 0.859375 0.419922 0.871094 0.408203 0.886719 0.402344 0.910156 0.404297 0.943359 0.410156 0.962891 0.419922 0.970703 0.447266 0.972656 0.458984 0.964844 0.466797 0.947266 0.478516 0.933594 0.490234 0.925781 0.521484 0.917969 0.537109 0.882812
1 0.279297 0.863281 0.267578 0.871094 0.273438 0.890625 0.275391 0.935547 0.292969 0.986328 0.300781 0.990234 0.322266 0.957031 0.335938 0.904297 0.335938 0.888672 0.324219 0.873047 0.291016 0.863281
2 0.634766 0.929688 0.623047 0.917969 0.595703 0.904297 0.578125 0.886719 0.572266 0.875000 0.544922 0.873047 0.541016 0.898438 0.533203 0.906250 0.529297 0.919922 0.480469 0.947266 0.476562 0.962891 0.482422 0.974609 0.492188 0.982422 0.546875 0.986328 0.570312 0.974609 0.578125 0.974609 0.580078 0.970703 0.591797 0.970703 0.628906 0.958984 0.634766 0.951172
3 0.861328 0.742188 0.855469 0.757812 0.859375 0.820312 0.847656 0.849609 0.837891 0.857422 0.771484 0.857422 0.732422 0.875000 0.712891 0.876953 0.695312 0.869141 0.675781 0.845703 0.666016 0.804688 0.636719 0.792969 0.623047 0.794922 0.615234 0.810547 0.613281 0.835938 0.595703 0.855469 0.593750 0.867188 0.619141 0.888672 0.630859 0.910156 0.646484 0.923828 0.650391 0.935547 0.646484 0.953125 0.623047 0.974609 0.591797 0.978516 0.548828 0.994141 0.500000 0.992188 0.488281 0.998047 0.783203 0.998047 0.783203 0.980469 0.802734 0.957031 0.804688 0.935547 0.826172 0.890625 0.859375 0.873047 0.886719 0.867188 0.898438 0.853516 0.900391 0.832031 0.894531 0.822266 0.896484 0.812500 0.888672 0.789062 0.861328 0.750000
3 0.857422 0.005859 0.833984 0.023438 0.818359 0.068359 0.802734 0.070312 0.777344 0.093750 0.757812 0.097656 0.734375 0.111328 0.718750 0.113281 0.691406 0.126953 0.619141 0.123047 0.585938 0.113281 0.568359 0.099609 0.554688 0.099609 0.542969 0.111328 0.544922 0.140625 0.568359 0.158203 0.615234 0.167969 0.636719 0.199219 0.687500 0.240234 0.695312 0.265625 0.703125 0.275391 0.710938 0.275391 0.714844 0.281250 0.781250 0.283203 0.781250 0.322266 0.789062 0.363281 0.787109 0.457031 0.791016 0.472656 0.775391 0.476562 0.750000 0.492188 0.761719 0.494141 0.789062 0.486328 0.804688 0.490234 0.810547 0.519531 0.806641 0.562500 0.814453 0.570312 0.810547 0.359375 0.820312 0.312500 0.820312 0.283203 0.835938 0.238281 0.839844 0.212891 0.869141 0.171875 0.871094 0.152344 0.867188 0.150391 0.873047 0.144531 0.875000 0.123047 0.904297 0.060547 0.904297 0.019531 0.892578 0.009766
3 0.382812 0.001953 0.363281 0.011719 0.369141 0.027344 0.400391 0.062500 0.408203 0.103516 0.417969 0.125000 0.417969 0.160156 0.404297 0.181641 0.404297 0.212891 0.419922 0.238281 0.423828 0.267578 0.404297 0.335938 0.427734 0.369141 0.431641 0.394531 0.449219 0.427734 0.445312 0.419922 0.443359 0.302734 0.458984 0.275391 0.462891 0.251953 0.472656 0.244141 0.472656 0.238281 0.445312 0.199219 0.445312 0.177734 0.453125 0.162109 0.458984 0.121094 0.478516 0.091797 0.484375 0.072266 0.482422 0.005859 0.447266 0.005859 0.414062 0.000000
