0 0.341797 0.003906 0.341797 0.021484 0.345703 0.027344 0.353516 0.033203 0.371094 0.033203 0.376953 0.029297 0.382812 0.021484 0.382812 0.003906 0.378906 0.000000 0.345703 0.000000
0 0.636719 0.089844 0.638672 0.093750 0.646484 0.099609 0.664062 0.099609 0.671875 0.093750 0.671875 0.085938 0.664062 0.080078 0.646484 0.080078 0.642578 0.082031
0 0.363281 0.091797 0.355469 0.095703 0.349609 0.101562 0.345703 0.109375 0.345703 0.126953 0.349609 0.134766 0.355469 0.140625 0.363281 0.144531 0.380859 0.144531 0.388672 0.140625 0.394531 0.134766 0.398438 0.126953 0.398438 0.109375 0.394531 0.101562 0.388672 0.095703 0.380859 0.091797
0 0.716797 0.107422 0.712891 0.115234 0.712891 0.128906 0.716797 0.136719 0.724609 0.142578 0.728516 0.142578 0.730469 0.144531 0.750000 0.144531 0.751953 0.142578 0.755859 0.142578 0.763672 0.136719 0.767578 0.128906 0.767578 0.115234 0.755859 0.101562 0.751953 0.101562 0.750000 0.099609 0.730469 0.099609 0.728516 0.101562 0.724609 0.101562
0 0.638672 0.119141 0.638672 0.132812 0.644531 0.144531 0.652344 0.148438 0.675781 0.148438 0.679688 0.144531 0.677734 0.134766 0.671875 0.130859 0.664062 0.115234 0.646484 0.115234
0 0.507812 0.148438 0.509766 0.152344 0.523438 0.158203 0.554688 0.158203 0.568359 0.152344 0.568359 0.144531 0.554688 0.138672 0.523438 0.138672 0.509766 0.144531
0 0.658203 0.156250 0.658203 0.191406 0.703125 0.191406 0.703125 0.156250
0 0.812500 0.207031 0.800781 0.214844 0.794922 0.230469 0.796875 0.232422 0.796875 0.238281 0.804688 0.250000 0.812500 0.253906 0.828125 0.253906 0.839844 0.246094 0.843750 0.238281 0.843750 0.222656 0.835938 0.210938 0.828125 0.207031
0 0.560547 0.208984 0.556641 0.210938 0.546875 0.222656 0.546875 0.240234 0.548828 0.244141 0.560547 0.253906 0.576172 0.253906 0.580078 0.251953 0.589844 0.240234 0.589844 0.222656 0.587891 0.218750 0.576172 0.208984
0 0.419922 0.232422 0.416016 0.234375 0.408203 0.244141 0.408203 0.250000 0.406250 0.251953 0.408203 0.253906 0.408203 0.259766 0.410156 0.263672 0.419922 0.271484 0.433594 0.271484 0.437500 0.269531 0.445312 0.259766 0.445312 0.244141 0.443359 0.240234 0.433594 0.232422
0 0.554688 0.283203 0.544922 0.292969 0.544922 0.298828 0.542969 0.300781 0.544922 0.302734 0.544922 0.308594 0.554688 0.318359 0.572266 0.318359 0.582031 0.308594 0.582031 0.292969 0.572266 0.283203
0 0.251953 0.332031 0.248047 0.332031 0.240234 0.337891 0.240234 0.351562 0.236328 0.355469 0.236328 0.361328 0.226562 0.380859 0.226562 0.384766 0.212891 0.406250 0.212891 0.410156 0.218750 0.414062 0.226562 0.414062 0.248047 0.396484 0.253906 0.382812 0.259766 0.375000 0.259766 0.371094 0.261719 0.369141 0.261719 0.341797 0.259766 0.337891
0 0.591797 0.359375 0.585938 0.363281 0.582031 0.371094 0.582031 0.376953 0.580078 0.378906 0.582031 0.380859 0.582031 0.386719 0.585938 0.394531 0.591797 0.398438 0.605469 0.398438 0.611328 0.394531 0.615234 0.386719 0.615234 0.371094 0.611328 0.363281 0.605469 0.359375
0 0.728516 0.392578 0.716797 0.400391 0.710938 0.416016 0.712891 0.417969 0.712891 0.423828 0.716797 0.431641 0.728516 0.439453 0.746094 0.439453 0.757812 0.431641 0.761719 0.423828 0.761719 0.408203 0.757812 0.400391 0.746094 0.392578
0 0.832031 0.429688 0.824219 0.433594 0.818359 0.439453 0.816406 0.443359 0.816406 0.460938 0.824219 0.470703 0.832031 0.474609 0.849609 0.474609 0.857422 0.470703 0.863281 0.464844 0.865234 0.460938 0.865234 0.443359 0.857422 0.433594 0.849609 0.429688
0 0.578125 0.519531 0.568359 0.525391 0.562500 0.535156 0.562500 0.552734 0.568359 0.562500 0.578125 0.568359 0.595703 0.568359 0.605469 0.562500 0.611328 0.552734 0.611328 0.535156 0.605469 0.525391 0.595703 0.519531
0 0.509766 0.531250 0.498047 0.542969 0.498047 0.546875 0.496094 0.548828 0.496094 0.566406 0.498047 0.568359 0.498047 0.572266 0.509766 0.583984 0.513672 0.583984 0.515625 0.585938 0.533203 0.585938 0.535156 0.583984 0.539062 0.583984 0.550781 0.572266 0.550781 0.568359 0.552734 0.566406 0.552734 0.548828 0.550781 0.546875 0.550781 0.542969 0.539062 0.531250 0.535156 0.531250 0.533203 0.529297 0.515625 0.529297 0.513672 0.531250
0 0.251953 0.556641 0.251953 0.566406 0.253906 0.570312 0.263672 0.576172 0.287109 0.576172 0.296875 0.570312 0.298828 0.566406 0.298828 0.556641 0.296875 0.552734 0.287109 0.546875 0.263672 0.546875 0.253906 0.552734
0 0.404297 0.582031 0.392578 0.587891 0.382812 0.597656 0.378906 0.607422 0.378906 0.615234 0.376953 0.617188 0.378906 0.619141 0.378906 0.626953 0.382812 0.636719 0.392578 0.646484 0.404297 0.652344 0.427734 0.652344 0.439453 0.646484 0.449219 0.636719 0.453125 0.626953 0.453125 0.607422 0.449219 0.597656 0.439453 0.587891 0.427734 0.582031
0 0.259766 0.597656 0.246094 0.605469 0.240234 0.613281 0.236328 0.623047 0.236328 0.644531 0.240234 0.654297 0.246094 0.662109 0.259766 0.669922 0.279297 0.669922 0.292969 0.662109 0.298828 0.654297 0.302734 0.644531 0.302734 0.623047 0.298828 0.613281 0.292969 0.605469 0.279297 0.597656
0 0.808594 0.652344 0.808594 0.658203 0.812500 0.662109 0.828125 0.662109 0.832031 0.658203 0.832031 0.652344 0.828125 0.648438 0.812500 0.648438
0 0.808594 0.714844 0.804688 0.716797 0.796875 0.726562 0.796875 0.732422 0.794922 0.734375 0.796875 0.736328 0.796875 0.742188 0.798828 0.746094 0.808594 0.753906 0.824219 0.753906 0.828125 0.751953 0.835938 0.742188 0.835938 0.726562 0.833984 0.722656 0.824219 0.714844
0 0.587891 0.837891 0.576172 0.845703 0.570312 0.861328 0.572266 0.863281 0.572266 0.869141 0.576172 0.876953 0.587891 0.884766 0.605469 0.884766 0.617188 0.876953 0.621094 0.869141 0.621094 0.853516 0.617188 0.845703 0.605469 0.837891
0 0.570312 0.937500 0.558594 0.947266 0.554688 0.955078 0.554688 0.962891 0.552734 0.964844 0.554688 0.966797 0.554688 0.974609 0.558594 0.982422 0.570312 0.992188 0.589844 0.992188 0.601562 0.982422 0.605469 0.974609 0.605469 0.955078 0.601562 0.947266 0.589844 0.937500
1 0.605469 0.000000 0.541016 0.000000 0.525391 0.029297 0.511719 0.044922 0.500000 0.050781 0.478516 0.052734 0.482422 0.064453 0.498047 0.072266 0.507812 0.093750 0.505859 0.111328 0.492188 0.136719 0.470703 0.146484 0.457031 0.148438 0.439453 0.158203 0.437500 0.164062 0.457031 0.166016 0.509766 0.156250 0.576172 0.160156 0.603516 0.154297 0.605469 0.150391 0.597656 0.138672 0.585938 0.101562 0.578125 0.058594 0.578125 0.027344 0.585938 0.013672
1 0.226562 0.056641 0.224609 0.095703 0.234375 0.113281 0.242188 0.160156 0.250000 0.171875 0.281250 0.195312 0.292969 0.199219 0.347656 0.197266 0.373047 0.187500 0.398438 0.169922 0.423828 0.162109 0.439453 0.150391 0.457031 0.146484 0.476562 0.136719 0.496094 0.121094 0.501953 0.105469 0.500000 0.091797 0.478516 0.066406 0.445312 0.050781 0.429688 0.050781 0.406250 0.058594 0.371094 0.076172 0.353516 0.076172 0.339844 0.070312 0.330078 0.062500 0.314453 0.013672 0.306641 0.005859 0.287109 0.000000 0.269531 0.001953 0.253906 0.009766
1 0.617188 0.169922 0.578125 0.166016 0.556641 0.173828 0.537109 0.226562 0.537109 0.240234 0.548828 0.265625 0.568359 0.273438 0.583984 0.273438 0.587891 0.269531 0.609375 0.265625 0.619141 0.257812 0.630859 0.228516 0.630859 0.201172 0.619141 0.183594
1 0.542969 0.171875 0.488281 0.169922 0.476562 0.166016 0.445312 0.167969 0.386719 0.193359 0.378906 0.201172 0.361328 0.208984 0.351562 0.218750 0.351562 0.234375 0.345703 0.248047 0.310547 0.253906 0.289062 0.277344 0.285156 0.316406 0.291016 0.332031 0.304688 0.339844 0.341797 0.349609 0.378906 0.351562 0.400391 0.345703 0.437500 0.345703 0.460938 0.333984 0.509766 0.324219 0.523438 0.310547 0.537109 0.279297 0.525391 0.238281 0.525391 0.226562 0.541016 0.203125
1 0.750000 0.207031 0.746094 0.240234 0.777344 0.302734 0.777344 0.308594 0.789062 0.324219 0.814453 0.343750 0.818359 0.351562 0.841797 0.363281 0.857422 0.363281 0.869141 0.373047 0.916016 0.369141 0.927734 0.365234 0.935547 0.355469 0.945312 0.355469 0.957031 0.320312 0.949219 0.283203 0.896484 0.226562 0.892578 0.214844 0.863281 0.179688 0.841797 0.171875 0.822266 0.171875 0.798828 0.191406 0.791016 0.191406 0.783203 0.197266 0.759766 0.197266
1 0.615234 0.273438 0.582031 0.281250 0.566406 0.281250 0.554688 0.275391 0.544922 0.277344 0.537109 0.300781 0.529297 0.308594 0.525391 0.324219 0.537109 0.330078 0.595703 0.328125 0.603516 0.324219 0.613281 0.308594
1 0.498047 0.369141 0.498047 0.378906 0.509766 0.396484 0.550781 0.412109 0.562500 0.410156 0.566406 0.419922 0.582031 0.435547 0.621094 0.439453 0.625000 0.429688 0.625000 0.365234 0.611328 0.343750 0.585938 0.335938 0.531250 0.333984
1 0.787109 0.332031 0.781250 0.328125 0.751953 0.341797 0.685547 0.345703 0.654297 0.355469 0.636719 0.376953 0.630859 0.394531 0.634766 0.433594 0.646484 0.464844 0.671875 0.472656 0.691406 0.472656 0.687500 0.470703 0.699219 0.462891 0.718750 0.457031 0.746094 0.455078 0.757812 0.449219 0.759766 0.443359 0.775391 0.429688 0.792969 0.394531 0.794922 0.357422
1 0.814453 0.369141 0.791016 0.431641 0.791016 0.478516 0.792969 0.484375 0.806641 0.496094 0.808594 0.513672 0.830078 0.529297 0.878906 0.525391 0.912109 0.509766 0.960938 0.496094 0.970703 0.486328 0.966797 0.437500 0.955078 0.410156 0.953125 0.384766 0.945312 0.369141 0.902344 0.378906 0.878906 0.378906 0.865234 0.373047 0.857422 0.365234 0.820312 0.365234
1 0.433594 0.402344 0.421875 0.396484 0.376953 0.396484 0.318359 0.402344 0.269531 0.414062 0.250000 0.429688 0.234375 0.435547 0.226562 0.445312 0.205078 0.457031 0.195312 0.472656 0.197266 0.494141 0.214844 0.537109 0.253906 0.578125 0.263672 0.582031 0.398438 0.572266 0.423828 0.560547 0.445312 0.537109 0.457031 0.505859 0.457031 0.476562 0.451172 0.449219 0.447266 0.443359 0.445312 0.423828
1 0.445312 0.400391 0.462891 0.439453 0.464844 0.476562 0.474609 0.492188 0.470703 0.521484 0.458984 0.533203 0.460938 0.552734 0.472656 0.562500 0.480469 0.564453 0.496094 0.582031 0.511719 0.591797 0.546875 0.585938 0.552734 0.560547 0.548828 0.544922 0.548828 0.503906 0.552734 0.490234 0.552734 0.451172 0.548828 0.429688 0.544922 0.423828 0.511719 0.404297
1 0.572266 0.453125 0.566406 0.455078 0.558594 0.470703 0.560547 0.523438 0.558594 0.548828 0.554688 0.556641 0.554688 0.591797 0.562500 0.607422 0.576172 0.619141 0.589844 0.654297 0.589844 0.662109 0.595703 0.669922 0.605469 0.675781 0.640625 0.673828 0.658203 0.660156 0.673828 0.636719 0.677734 0.611328 0.685547 0.601562 0.681641 0.564453 0.648438 0.494141 0.630859 0.476562 0.599609 0.455078
1 0.109375 0.603516 0.113281 0.636719 0.119141 0.652344 0.126953 0.660156 0.148438 0.669922 0.185547 0.677734 0.205078 0.689453 0.224609 0.691406 0.238281 0.697266 0.251953 0.691406 0.281250 0.666016 0.314453 0.644531 0.333984 0.619141 0.332031 0.611328 0.322266 0.605469 0.285156 0.593750 0.273438 0.593750 0.238281 0.578125 0.218750 0.562500 0.197266 0.535156 0.183594 0.527344 0.158203 0.525391 0.146484 0.535156 0.136719 0.560547
1 0.572266 0.632812 0.550781 0.615234 0.496094 0.595703 0.480469 0.585938 0.468750 0.568359 0.443359 0.562500 0.421875 0.570312 0.402344 0.572266 0.371094 0.589844 0.353516 0.613281 0.333984 0.630859 0.330078 0.640625 0.296875 0.675781 0.294922 0.701172 0.314453 0.728516 0.357422 0.759766 0.376953 0.765625 0.455078 0.769531 0.490234 0.757812 0.501953 0.750000 0.523438 0.746094 0.580078 0.710938 0.585938 0.695312 0.585938 0.681641 0.580078 0.666016 0.578125 0.644531
1 0.689453 0.763672 0.679688 0.753906 0.664062 0.746094 0.638672 0.746094 0.603516 0.759766 0.580078 0.763672 0.544922 0.785156 0.523438 0.830078 0.509766 0.841797 0.482422 0.855469 0.472656 0.867188 0.468750 0.876953 0.472656 0.890625 0.500000 0.906250 0.525391 0.906250 0.572266 0.900391 0.597656 0.880859 0.621094 0.880859 0.628906 0.869141 0.667969 0.843750 0.681641 0.824219 0.687500 0.804688
1 0.693359 0.933594 0.683594 0.916016 0.664062 0.908203 0.650391 0.896484 0.628906 0.886719 0.613281 0.886719 0.582031 0.900391 0.562500 0.917969 0.546875 0.955078 0.546875 0.974609 0.554688 0.992188 0.617188 0.990234 0.634766 0.986328 0.669922 0.970703 0.675781 0.958984 0.691406 0.945312
3 0.988281 0.789062 0.968750 0.789062 0.957031 0.798828 0.921875 0.873047 0.896484 0.876953 0.859375 0.865234 0.820312 0.892578 0.804688 0.953125 0.804688 0.966797 0.814453 0.982422 0.859375 0.988281 0.876953 0.949219 0.896484 0.929688 0.912109 0.925781 0.921875 0.933594 0.939453 0.871094 0.957031 0.863281 0.998047 0.865234 0.998047 0.800781
3 0.667969 0.656250 0.646484 0.675781 0.589844 0.693359 0.585938 0.708984 0.576172 0.718750 0.548828 0.734375 0.531250 0.753906 0.501953 0.765625 0.435547 0.779297 0.388672 0.781250 0.322266 0.757812 0.316406 0.742188 0.306641 0.742188 0.322266 0.781250 0.326172 0.818359 0.312500 0.871094 0.292969 0.896484 0.224609 0.927734 0.203125 0.929688 0.191406 0.935547 0.158203 0.931641 0.082031 0.935547 0.019531 0.962891 0.000000 0.990234 0.017578 0.998047 0.062500 0.998047 0.080078 0.992188 0.093750 0.974609 0.105469 0.972656 0.128906 0.980469 0.166016 0.980469 0.185547 0.988281 0.263672 0.998047 0.375000 0.998047 0.392578 0.986328 0.410156 0.939453 0.455078 0.869141 0.505859 0.835938 0.525391 0.816406 0.527344 0.800781 0.539062 0.781250 0.556641 0.767578 0.628906 0.742188 0.648438 0.724609 0.666016 0.701172 0.669922 0.683594
3 0.583984 0.443359 0.615234 0.458984 0.650391 0.490234 0.658203 0.507812 0.673828 0.525391 0.677734 0.541016 0.687500 0.548828 0.720703 0.554688 0.750000 0.576172 0.763672 0.595703 0.787109 0.601562 0.808594 0.621094 0.833984 0.619141 0.843750 0.613281 0.906250 0.617188 0.945312 0.609375 0.966797 0.597656 0.994141 0.599609 0.994141 0.587891 0.986328 0.576172 0.980469 0.550781 0.984375 0.521484 0.978516 0.494141 0.958984 0.507812 0.910156 0.515625 0.888672 0.529297 0.851562 0.541016 0.771484 0.544922 0.728516 0.531250 0.718750 0.519531 0.699219 0.519531 0.683594 0.494141 0.685547 0.480469 0.673828 0.480469 0.662109 0.472656 0.648438 0.470703 0.619141 0.449219
3 0.265625 0.000000 0.164062 0.000000 0.144531 0.029297 0.128906 0.033203 0.105469 0.056641 0.093750 0.076172 0.072266 0.076172 0.037109 0.095703 0.031250 0.105469 0.037109 0.123047 0.054688 0.132812 0.076172 0.136719 0.087891 0.195312 0.119141 0.214844 0.117188 0.253906 0.123047 0.263672 0.115234 0.275391 0.103516 0.322266 0.091797 0.339844 0.082031 0.419922 0.099609 0.458984 0.093750 0.488281 0.085938 0.498047 0.083984 0.525391 0.062500 0.548828 0.058594 0.572266 0.033203 0.617188 0.029297 0.642578 0.000000 0.667969 0.000000 0.720703 0.021484 0.708984 0.044922 0.685547 0.070312 0.650391 0.105469 0.576172 0.107422 0.562500 0.121094 0.542969 0.126953 0.507812 0.144531 0.474609 0.144531 0.458984 0.150391 0.451172 0.150391 0.408203 0.158203 0.396484 0.158203 0.380859 0.173828 0.373047 0.218750 0.292969 0.218750 0.283203 0.236328 0.263672 0.236328 0.251953 0.224609 0.240234 0.230469 0.216797 0.224609 0.160156 0.216797 0.148438 0.212891 0.105469 0.205078 0.076172 0.212891 0.052734 0.228516 0.039062 0.240234 0.019531
