0 0.970703 0.107422 0.962891 0.117188 0.962891 0.134766 0.970703 0.144531 0.978516 0.148438 0.998047 0.148438 0.998047 0.103516 0.978516 0.103516
0 0.373047 0.332031 0.363281 0.343750 0.363281 0.349609 0.361328 0.351562 0.363281 0.353516 0.365234 0.363281 0.376953 0.373047 0.396484 0.373047 0.400391 0.371094 0.410156 0.359375 0.410156 0.343750 0.408203 0.339844 0.396484 0.330078 0.376953 0.330078
0 0.843750 0.332031 0.839844 0.333984 0.832031 0.343750 0.832031 0.349609 0.830078 0.351562 0.832031 0.353516 0.832031 0.359375 0.833984 0.363281 0.843750 0.371094 0.859375 0.371094 0.863281 0.369141 0.871094 0.359375 0.871094 0.343750 0.869141 0.339844 0.859375 0.332031
0 0.101562 0.335938 0.097656 0.337891 0.087891 0.349609 0.087891 0.357422 0.085938 0.359375 0.087891 0.361328 0.087891 0.369141 0.089844 0.373047 0.101562 0.382812 0.117188 0.382812 0.121094 0.380859 0.130859 0.369141 0.130859 0.349609 0.128906 0.345703 0.117188 0.335938
0 0.712891 0.355469 0.705078 0.363281 0.705078 0.369141 0.703125 0.371094 0.705078 0.373047 0.705078 0.378906 0.716797 0.388672 0.732422 0.388672 0.736328 0.386719 0.744141 0.378906 0.744141 0.363281 0.732422 0.353516 0.716797 0.353516
0 0.166016 0.392578 0.158203 0.396484 0.144531 0.410156 0.140625 0.419922 0.140625 0.429688 0.138672 0.431641 0.140625 0.433594 0.140625 0.443359 0.144531 0.453125 0.158203 0.466797 0.166016 0.470703 0.189453 0.470703 0.197266 0.466797 0.210938 0.453125 0.214844 0.443359 0.214844 0.419922 0.210938 0.410156 0.197266 0.396484 0.189453 0.392578
0 0.884766 0.474609 0.880859 0.476562 0.873047 0.486328 0.873047 0.492188 0.871094 0.494141 0.873047 0.496094 0.873047 0.501953 0.875000 0.505859 0.884766 0.513672 0.900391 0.513672 0.904297 0.511719 0.912109 0.501953 0.912109 0.486328 0.910156 0.482422 0.900391 0.474609
0 0.599609 0.482422 0.595703 0.484375 0.587891 0.494141 0.587891 0.501953 0.585938 0.503906 0.587891 0.505859 0.587891 0.513672 0.589844 0.517578 0.599609 0.525391 0.613281 0.525391 0.617188 0.523438 0.625000 0.513672 0.625000 0.494141 0.623047 0.490234 0.613281 0.482422
0 0.724609 0.517578 0.714844 0.523438 0.708984 0.533203 0.708984 0.550781 0.714844 0.560547 0.724609 0.566406 0.742188 0.566406 0.751953 0.560547 0.757812 0.550781 0.757812 0.533203 0.751953 0.523438 0.742188 0.517578
0 0.720703 0.595703 0.718750 0.599609 0.718750 0.613281 0.724609 0.621094 0.732422 0.625000 0.750000 0.625000 0.757812 0.621094 0.763672 0.613281 0.763672 0.599609 0.761719 0.595703 0.750000 0.587891 0.732422 0.587891
0 0.021484 0.597656 0.019531 0.607422 0.017578 0.609375 0.019531 0.611328 0.019531 0.617188 0.027344 0.626953 0.035156 0.630859 0.052734 0.630859 0.060547 0.626953 0.068359 0.617188 0.068359 0.601562 0.066406 0.597656 0.060547 0.591797 0.052734 0.587891 0.035156 0.587891 0.027344 0.591797
0 0.513672 0.617188 0.509766 0.619141 0.498047 0.632812 0.498047 0.650391 0.500000 0.654297 0.513672 0.666016 0.533203 0.666016 0.537109 0.664062 0.548828 0.650391 0.548828 0.632812 0.546875 0.628906 0.533203 0.617188
0 0.765625 0.699219 0.759766 0.703125 0.755859 0.710938 0.755859 0.728516 0.761719 0.738281 0.765625 0.740234 0.777344 0.740234 0.783203 0.736328 0.787109 0.728516 0.787109 0.710938 0.781250 0.701172 0.777344 0.699219
0 0.376953 0.726562 0.373047 0.728516 0.361328 0.742188 0.361328 0.750000 0.359375 0.751953 0.361328 0.753906 0.361328 0.761719 0.363281 0.765625 0.376953 0.777344 0.396484 0.777344 0.400391 0.775391 0.412109 0.761719 0.412109 0.742188 0.410156 0.738281 0.396484 0.726562
0 0.480469 0.822266 0.470703 0.830078 0.466797 0.837891 0.466797 0.845703 0.464844 0.847656 0.466797 0.849609 0.466797 0.857422 0.470703 0.865234 0.480469 0.873047 0.498047 0.873047 0.507812 0.865234 0.511719 0.857422 0.511719 0.837891 0.507812 0.830078 0.498047 0.822266
0 0.468750 0.886719 0.460938 0.896484 0.460938 0.910156 0.462891 0.914062 0.472656 0.921875 0.490234 0.921875 0.494141 0.919922 0.501953 0.910156 0.501953 0.896484 0.500000 0.892578 0.490234 0.884766 0.472656 0.884766
0 0.878906 0.931641 0.871094 0.935547 0.863281 0.943359 0.859375 0.951172 0.859375 0.972656 0.863281 0.980469 0.871094 0.988281 0.878906 0.992188 0.896484 0.992188 0.904297 0.988281 0.912109 0.980469 0.916016 0.972656 0.916016 0.951172 0.912109 0.943359 0.904297 0.935547 0.896484 0.931641
1 0.873047 0.093750 0.873047 0.107422 0.892578 0.136719 0.964844 0.181641 0.998047 0.195312 0.998047 0.089844 0.986328 0.083984 0.962891 0.083984 0.945312 0.074219 0.937500 0.074219 0.927734 0.066406 0.910156 0.064453 0.898438 0.070312
1 0.574219 0.126953 0.568359 0.142578 0.546875 0.160156 0.542969 0.179688 0.542969 0.218750 0.552734 0.265625 0.554688 0.304688 0.560547 0.324219 0.568359 0.333984 0.613281 0.357422 0.644531 0.363281 0.667969 0.363281 0.673828 0.367188 0.708984 0.373047 0.740234 0.392578 0.765625 0.376953 0.802734 0.378906 0.820312 0.351562 0.820312 0.339844 0.828125 0.332031 0.835938 0.308594 0.841797 0.304688 0.818359 0.287109 0.789062 0.279297 0.755859 0.263672 0.714844 0.234375 0.650391 0.201172 0.636719 0.183594 0.628906 0.166016 0.617188 0.154297 0.613281 0.154297 0.591797 0.134766 0.585938 0.134766
1 0.962891 0.302734 0.953125 0.292969 0.941406 0.289062 0.888672 0.287109 0.855469 0.308594 0.851562 0.318359 0.843750 0.326172 0.835938 0.328125 0.822266 0.349609 0.822266 0.367188 0.826172 0.376953 0.841797 0.378906 0.886719 0.375000 0.892578 0.367188 0.927734 0.361328 0.953125 0.347656 0.968750 0.330078
1 0.515625 0.265625 0.486328 0.257812 0.416016 0.257812 0.396484 0.265625 0.357422 0.294922 0.345703 0.308594 0.324219 0.318359 0.304688 0.322266 0.287109 0.335938 0.279297 0.347656 0.279297 0.353516 0.285156 0.361328 0.285156 0.380859 0.289062 0.388672 0.320312 0.416016 0.332031 0.419922 0.371094 0.417969 0.406250 0.404297 0.460938 0.357422 0.474609 0.333984 0.494141 0.318359 0.501953 0.304688 0.509766 0.298828 0.515625 0.285156
1 0.000000 0.384766 0.023438 0.423828 0.058594 0.423828 0.082031 0.416016 0.091797 0.406250 0.144531 0.396484 0.181641 0.380859 0.203125 0.363281 0.205078 0.347656 0.201172 0.341797 0.193359 0.341797 0.177734 0.328125 0.166016 0.326172 0.156250 0.316406 0.154297 0.304688 0.140625 0.294922 0.109375 0.285156 0.087891 0.273438 0.054688 0.271484 0.044922 0.275391 0.035156 0.285156 0.031250 0.304688 0.009766 0.324219 0.005859 0.332031 0.003906 0.345703 0.000000 0.349609
1 0.595703 0.371094 0.585938 0.378906 0.580078 0.396484 0.568359 0.406250 0.558594 0.423828 0.556641 0.507812 0.566406 0.515625 0.572266 0.533203 0.585938 0.548828 0.607422 0.556641 0.648438 0.554688 0.667969 0.542969 0.679688 0.527344 0.708984 0.517578 0.716797 0.486328 0.722656 0.478516 0.722656 0.443359 0.732422 0.412109 0.726562 0.400391 0.710938 0.388672 0.689453 0.386719 0.660156 0.376953 0.632812 0.376953
1 0.775391 0.388672 0.751953 0.402344 0.738281 0.423828 0.734375 0.445312 0.736328 0.511719 0.755859 0.525391 0.791016 0.535156 0.806641 0.548828 0.841797 0.562500 0.851562 0.582031 0.859375 0.587891 0.857422 0.601562 0.867188 0.615234 0.880859 0.621094 0.900391 0.621094 0.912109 0.615234 0.912109 0.582031 0.937500 0.529297 0.982422 0.507812 0.998047 0.505859 0.996094 0.400391 0.978516 0.386719 0.957031 0.378906 0.896484 0.376953 0.845703 0.386719 0.787109 0.384766
1 0.269531 0.367188 0.250000 0.355469 0.232422 0.355469 0.193359 0.386719 0.181641 0.386719 0.150391 0.402344 0.103516 0.412109 0.085938 0.429688 0.056641 0.433594 0.046875 0.439453 0.025391 0.443359 0.019531 0.449219 0.019531 0.482422 0.039062 0.501953 0.066406 0.544922 0.078125 0.556641 0.123047 0.583984 0.152344 0.589844 0.175781 0.589844 0.246094 0.578125 0.257812 0.572266 0.281250 0.546875 0.281250 0.478516 0.292969 0.457031 0.285156 0.402344
1 0.824219 0.568359 0.806641 0.552734 0.796875 0.552734 0.785156 0.546875 0.769531 0.546875 0.722656 0.583984 0.718750 0.595703 0.720703 0.623047 0.732422 0.630859 0.746094 0.632812 0.771484 0.621094 0.783203 0.599609 0.798828 0.597656 0.824219 0.601562
1 0.744141 0.521484 0.734375 0.517578 0.718750 0.517578 0.693359 0.529297 0.669922 0.556641 0.625000 0.568359 0.617188 0.582031 0.621094 0.617188 0.617188 0.621094 0.617188 0.662109 0.642578 0.664062 0.691406 0.632812 0.699219 0.621094 0.699219 0.613281 0.708984 0.601562 0.712891 0.587891 0.740234 0.560547 0.761719 0.550781 0.763672 0.541016
1 0.449219 0.546875 0.449219 0.552734 0.455078 0.552734 0.464844 0.562500 0.474609 0.580078 0.472656 0.660156 0.478516 0.683594 0.492188 0.707031 0.519531 0.720703 0.562500 0.720703 0.599609 0.705078 0.607422 0.697266 0.611328 0.685547 0.609375 0.613281 0.599609 0.585938 0.599609 0.576172 0.578125 0.542969 0.562500 0.533203 0.529297 0.523438 0.519531 0.527344 0.490234 0.529297
1 0.445312 0.562500 0.439453 0.558594 0.421875 0.560547 0.314453 0.593750 0.306641 0.603516 0.263672 0.630859 0.220703 0.644531 0.218750 0.648438 0.208984 0.648438 0.203125 0.654297 0.191406 0.654297 0.183594 0.662109 0.183594 0.667969 0.175781 0.673828 0.179688 0.703125 0.179688 0.767578 0.189453 0.796875 0.257812 0.794922 0.263672 0.789062 0.289062 0.785156 0.292969 0.781250 0.400391 0.779297 0.443359 0.740234 0.449219 0.740234 0.457031 0.732422 0.470703 0.730469 0.470703 0.714844 0.462891 0.691406 0.462891 0.619141
1 0.826172 0.609375 0.783203 0.603516 0.779297 0.615234 0.765625 0.626953 0.763672 0.632812 0.744141 0.640625 0.705078 0.640625 0.664062 0.656250 0.656250 0.667969 0.640625 0.677734 0.630859 0.699219 0.628906 0.726562 0.638672 0.753906 0.638672 0.763672 0.646484 0.777344 0.650391 0.802734 0.660156 0.814453 0.677734 0.820312 0.687500 0.818359 0.705078 0.779297 0.714844 0.769531 0.722656 0.767578 0.734375 0.750000 0.777344 0.742188 0.792969 0.730469 0.800781 0.710938 0.822266 0.677734 0.843750 0.662109 0.841797 0.632812
1 0.609375 0.732422 0.595703 0.722656 0.572266 0.722656 0.568359 0.726562 0.542969 0.726562 0.486328 0.734375 0.462891 0.742188 0.435547 0.761719 0.417969 0.794922 0.398438 0.800781 0.392578 0.806641 0.390625 0.824219 0.406250 0.841797 0.416016 0.863281 0.427734 0.871094 0.476562 0.875000 0.552734 0.871094 0.582031 0.882812 0.623047 0.878906 0.640625 0.867188 0.640625 0.824219 0.636719 0.822266
1 0.880859 0.812500 0.845703 0.826172 0.796875 0.867188 0.783203 0.894531 0.773438 0.925781 0.769531 0.927734 0.769531 0.945312 0.779297 0.966797 0.798828 0.976562 0.816406 0.978516 0.835938 0.986328 0.837891 0.990234 0.880859 0.996094 0.914062 0.996094 0.933594 0.958984 0.972656 0.935547 0.980469 0.921875 0.980469 0.900391 0.964844 0.863281 0.951172 0.847656 0.923828 0.837891 0.912109 0.818359 0.900391 0.812500
1 0.441406 0.882812 0.453125 0.910156 0.453125 0.982422 0.457031 0.998047 0.615234 0.998047 0.632812 0.972656 0.640625 0.949219 0.640625 0.931641 0.634766 0.916016 0.623047 0.906250 0.568359 0.884766 0.537109 0.878906 0.449219 0.876953
3 0.603516 0.884766 0.613281 0.894531 0.640625 0.900391 0.648438 0.908203 0.644531 0.976562 0.638672 0.988281 0.640625 0.996094 0.849609 0.998047 0.822266 0.992188 0.779297 0.974609 0.744141 0.968750 0.687500 0.968750 0.660156 0.935547 0.658203 0.904297 0.664062 0.835938 0.658203 0.826172 0.650391 0.835938 0.652344 0.857422 0.646484 0.876953 0.634766 0.884766
3 0.562500 0.332031 0.558594 0.335938 0.544922 0.437500 0.523438 0.462891 0.501953 0.470703 0.488281 0.484375 0.470703 0.490234 0.439453 0.515625 0.384766 0.539062 0.371094 0.554688 0.349609 0.564453 0.312500 0.574219 0.294922 0.554688 0.287109 0.552734 0.277344 0.562500 0.273438 0.574219 0.242188 0.589844 0.166016 0.603516 0.125000 0.595703 0.097656 0.580078 0.076172 0.562500 0.060547 0.539062 0.042969 0.529297 0.011719 0.478516 0.011719 0.470703 0.017578 0.466797 0.017578 0.449219 0.033203 0.439453 0.033203 0.429688 0.015625 0.419922 0.000000 0.394531 0.000000 0.509766 0.027344 0.558594 0.044922 0.568359 0.058594 0.568359 0.072266 0.582031 0.076172 0.603516 0.101562 0.615234 0.105469 0.634766 0.117188 0.642578 0.107422 0.660156 0.031250 0.701172 0.013672 0.703125 0.005859 0.716797 0.050781 0.771484 0.056641 0.794922 0.076172 0.818359 0.089844 0.871094 0.113281 0.904297 0.121094 0.931641 0.140625 0.955078 0.150391 0.984375 0.158203 0.990234 0.173828 0.990234 0.181641 0.998047 0.189453 0.998047 0.179688 0.986328 0.171875 0.958984 0.175781 0.873047 0.169922 0.857422 0.169922 0.800781 0.160156 0.769531 0.166016 0.738281 0.162109 0.671875 0.195312 0.638672 0.212891 0.636719 0.439453 0.537109 0.455078 0.537109 0.460938 0.531250 0.498047 0.521484 0.535156 0.517578 0.560547 0.521484 0.560547 0.513672 0.554688 0.507812 0.550781 0.425781 0.583984 0.375000 0.583984 0.359375
3 0.242188 0.097656 0.230469 0.087891 0.222656 0.087891 0.203125 0.099609 0.183594 0.121094 0.148438 0.121094 0.130859 0.136719 0.117188 0.162109 0.103516 0.171875 0.064453 0.181641 0.044922 0.181641 0.025391 0.169922 0.000000 0.164062 0.000000 0.330078 0.007812 0.312500 0.021484 0.304688 0.031250 0.277344 0.046875 0.265625 0.068359 0.263672 0.087891 0.267578 0.126953 0.287109 0.134766 0.287109 0.136719 0.281250 0.117188 0.263672 0.123047 0.238281 0.132812 0.224609 0.160156 0.210938 0.162109 0.197266 0.169922 0.191406 0.181641 0.167969 0.193359 0.162109 0.199219 0.150391 0.242188 0.113281
3 0.240234 0.087891 0.250000 0.097656 0.365234 0.093750 0.375000 0.099609 0.435547 0.105469 0.441406 0.099609 0.474609 0.095703 0.486328 0.083984 0.486328 0.070312 0.492188 0.064453 0.494141 0.080078 0.513672 0.126953 0.529297 0.136719 0.558594 0.138672 0.566406 0.130859 0.568359 0.113281 0.585938 0.111328 0.619141 0.095703 0.630859 0.080078 0.658203 0.078125 0.671875 0.066406 0.716797 0.048828 0.746094 0.052734 0.753906 0.048828 0.800781 0.046875 0.830078 0.027344 0.837891 0.000000 0.679688 0.000000 0.669922 0.011719 0.658203 0.015625 0.640625 0.015625 0.589844 0.027344 0.564453 0.021484 0.529297 0.021484 0.511719 0.033203 0.505859 0.009766 0.498047 0.000000 0.287109 0.000000 0.251953 0.050781
