0 0.560547 0.037109 0.556641 0.039062 0.548828 0.048828 0.548828 0.054688 0.546875 0.056641 0.548828 0.058594 0.548828 0.064453 0.550781 0.068359 0.560547 0.076172 0.574219 0.076172 0.578125 0.074219 0.585938 0.064453 0.585938 0.048828 0.583984 0.044922 0.574219 0.037109
0 0.017578 0.050781 0.009766 0.054688 0.001953 0.066406 0.001953 0.083984 0.009766 0.095703 0.017578 0.099609 0.033203 0.099609 0.041016 0.095703 0.048828 0.083984 0.048828 0.066406 0.041016 0.054688 0.033203 0.050781
0 0.603516 0.107422 0.597656 0.113281 0.597656 0.126953 0.603516 0.132812 0.615234 0.132812 0.621094 0.126953 0.621094 0.113281 0.615234 0.107422
0 0.550781 0.113281 0.544922 0.121094 0.544922 0.126953 0.542969 0.128906 0.544922 0.130859 0.544922 0.136719 0.550781 0.144531 0.562500 0.144531 0.568359 0.136719 0.568359 0.121094 0.562500 0.113281
0 0.439453 0.134766 0.435547 0.136719 0.425781 0.148438 0.425781 0.156250 0.423828 0.158203 0.425781 0.160156 0.425781 0.167969 0.435547 0.179688 0.439453 0.181641 0.453125 0.181641 0.457031 0.179688 0.466797 0.167969 0.466797 0.148438 0.457031 0.136719 0.453125 0.134766
0 0.755859 0.166016 0.748047 0.169922 0.740234 0.177734 0.736328 0.185547 0.736328 0.207031 0.740234 0.214844 0.748047 0.222656 0.755859 0.226562 0.773438 0.226562 0.781250 0.222656 0.789062 0.214844 0.792969 0.207031 0.792969 0.185547 0.789062 0.177734 0.781250 0.169922 0.773438 0.166016
0 0.267578 0.208984 0.263672 0.210938 0.253906 0.222656 0.253906 0.228516 0.251953 0.230469 0.253906 0.232422 0.253906 0.238281 0.255859 0.242188 0.267578 0.251953 0.285156 0.251953 0.289062 0.250000 0.298828 0.238281 0.298828 0.222656 0.296875 0.218750 0.285156 0.208984
0 0.175781 0.216797 0.169922 0.220703 0.164062 0.228516 0.164062 0.246094 0.167969 0.251953 0.175781 0.257812 0.193359 0.257812 0.199219 0.253906 0.205078 0.246094 0.205078 0.228516 0.201172 0.222656 0.193359 0.216797
0 0.453125 0.240234 0.453125 0.250000 0.462891 0.255859 0.484375 0.255859 0.494141 0.250000 0.494141 0.240234 0.484375 0.234375 0.462891 0.234375
0 0.818359 0.234375 0.810547 0.238281 0.800781 0.250000 0.800781 0.253906 0.798828 0.255859 0.798828 0.277344 0.800781 0.279297 0.800781 0.283203 0.810547 0.294922 0.818359 0.298828 0.835938 0.298828 0.843750 0.294922 0.853516 0.283203 0.853516 0.279297 0.855469 0.277344 0.855469 0.255859 0.853516 0.253906 0.853516 0.250000 0.843750 0.238281 0.835938 0.234375
0 0.210938 0.267578 0.207031 0.271484 0.207031 0.275391 0.205078 0.277344 0.207031 0.279297 0.207031 0.283203 0.210938 0.287109 0.222656 0.287109 0.226562 0.283203 0.226562 0.271484 0.222656 0.267578
0 0.757812 0.281250 0.753906 0.283203 0.742188 0.296875 0.742188 0.318359 0.753906 0.332031 0.757812 0.333984 0.773438 0.333984 0.777344 0.332031 0.789062 0.318359 0.789062 0.296875 0.777344 0.283203 0.773438 0.281250
0 0.140625 0.316406 0.134766 0.328125 0.138672 0.337891 0.144531 0.341797 0.158203 0.341797 0.162109 0.339844 0.166016 0.333984 0.166016 0.322266 0.164062 0.318359 0.158203 0.314453 0.144531 0.314453
0 0.281250 0.337891 0.279297 0.341797 0.279297 0.351562 0.281250 0.355469 0.287109 0.359375 0.304688 0.359375 0.310547 0.355469 0.312500 0.351562 0.312500 0.341797 0.310547 0.337891 0.304688 0.333984 0.287109 0.333984
0 0.419922 0.337891 0.414062 0.341797 0.410156 0.347656 0.410156 0.361328 0.412109 0.365234 0.419922 0.371094 0.437500 0.371094 0.443359 0.367188 0.447266 0.361328 0.447266 0.347656 0.445312 0.343750 0.437500 0.337891
0 0.248047 0.380859 0.242188 0.386719 0.242188 0.390625 0.240234 0.392578 0.242188 0.394531 0.242188 0.398438 0.248047 0.404297 0.261719 0.404297 0.267578 0.398438 0.267578 0.386719 0.261719 0.380859
0 0.136719 0.400391 0.132812 0.402344 0.121094 0.416016 0.121094 0.437500 0.132812 0.451172 0.136719 0.453125 0.152344 0.453125 0.156250 0.451172 0.167969 0.437500 0.167969 0.416016 0.156250 0.402344 0.152344 0.400391
0 0.000000 0.412109 0.000000 0.451172 0.013672 0.451172 0.017578 0.449219 0.025391 0.439453 0.025391 0.423828 0.023438 0.419922 0.013672 0.412109
0 0.431641 0.416016 0.425781 0.421875 0.423828 0.431641 0.421875 0.433594 0.423828 0.435547 0.425781 0.445312 0.435547 0.453125 0.453125 0.453125 0.457031 0.451172 0.464844 0.441406 0.464844 0.425781 0.462891 0.421875 0.453125 0.414062 0.435547 0.414062
0 0.058594 0.419922 0.054688 0.421875 0.048828 0.429688 0.048828 0.435547 0.046875 0.437500 0.048828 0.439453 0.048828 0.445312 0.050781 0.449219 0.058594 0.455078 0.072266 0.455078 0.076172 0.453125 0.082031 0.445312 0.082031 0.429688 0.080078 0.425781 0.072266 0.419922
0 0.720703 0.419922 0.712891 0.423828 0.707031 0.429688 0.703125 0.437500 0.703125 0.455078 0.707031 0.462891 0.712891 0.468750 0.720703 0.472656 0.738281 0.472656 0.746094 0.468750 0.751953 0.462891 0.755859 0.455078 0.755859 0.437500 0.751953 0.429688 0.746094 0.423828 0.738281 0.419922
0 0.839844 0.443359 0.835938 0.445312 0.826172 0.457031 0.826172 0.464844 0.824219 0.466797 0.826172 0.468750 0.826172 0.476562 0.828125 0.480469 0.839844 0.490234 0.857422 0.490234 0.861328 0.488281 0.871094 0.476562 0.871094 0.457031 0.869141 0.453125 0.857422 0.443359
0 0.679688 0.517578 0.671875 0.521484 0.666016 0.529297 0.666016 0.546875 0.671875 0.554688 0.679688 0.558594 0.695312 0.558594 0.703125 0.554688 0.708984 0.546875 0.708984 0.529297 0.703125 0.521484 0.695312 0.517578
0 0.771484 0.541016 0.767578 0.542969 0.759766 0.552734 0.759766 0.560547 0.757812 0.562500 0.759766 0.564453 0.759766 0.572266 0.767578 0.582031 0.771484 0.583984 0.783203 0.583984 0.787109 0.582031 0.794922 0.572266 0.794922 0.552734 0.787109 0.542969 0.783203 0.541016
0 0.232422 0.582031 0.222656 0.593750 0.222656 0.607422 0.224609 0.611328 0.236328 0.621094 0.255859 0.621094 0.259766 0.619141 0.269531 0.607422 0.269531 0.593750 0.267578 0.589844 0.255859 0.580078 0.236328 0.580078
0 0.433594 0.597656 0.429688 0.599609 0.421875 0.609375 0.421875 0.617188 0.419922 0.619141 0.421875 0.621094 0.421875 0.628906 0.429688 0.638672 0.433594 0.640625 0.445312 0.640625 0.449219 0.638672 0.457031 0.628906 0.457031 0.609375 0.449219 0.599609 0.445312 0.597656
0 0.152344 0.642578 0.154297 0.644531 0.154297 0.648438 0.162109 0.654297 0.177734 0.654297 0.185547 0.648438 0.185547 0.636719 0.177734 0.630859 0.162109 0.630859 0.154297 0.636719 0.154297 0.640625
0 0.474609 0.634766 0.464844 0.644531 0.464844 0.650391 0.462891 0.652344 0.464844 0.654297 0.464844 0.660156 0.474609 0.669922 0.492188 0.669922 0.501953 0.660156 0.501953 0.644531 0.492188 0.634766
0 0.662109 0.730469 0.656250 0.734375 0.650391 0.744141 0.650391 0.751953 0.648438 0.753906 0.650391 0.755859 0.650391 0.763672 0.656250 0.773438 0.662109 0.777344 0.677734 0.777344 0.683594 0.773438 0.689453 0.763672 0.689453 0.744141 0.683594 0.734375 0.677734 0.730469
0 0.783203 0.757812 0.775391 0.761719 0.767578 0.773438 0.767578 0.781250 0.765625 0.783203 0.767578 0.785156 0.767578 0.792969 0.775391 0.804688 0.783203 0.808594 0.798828 0.808594 0.806641 0.804688 0.814453 0.792969 0.814453 0.773438 0.806641 0.761719 0.798828 0.757812
0 0.628906 0.775391 0.619141 0.785156 0.619141 0.791016 0.617188 0.792969 0.619141 0.794922 0.619141 0.798828 0.628906 0.810547 0.646484 0.810547 0.656250 0.800781 0.656250 0.785156 0.646484 0.775391
0 0.591797 0.787109 0.583984 0.792969 0.580078 0.800781 0.580078 0.818359 0.583984 0.826172 0.591797 0.832031 0.607422 0.832031 0.615234 0.826172 0.619141 0.818359 0.619141 0.800781 0.615234 0.792969 0.607422 0.787109
0 0.691406 0.861328 0.685547 0.873047 0.689453 0.882812 0.695312 0.886719 0.708984 0.886719 0.712891 0.884766 0.716797 0.878906 0.716797 0.867188 0.714844 0.863281 0.708984 0.859375 0.695312 0.859375
0 0.003906 0.865234 0.000000 0.867188 0.000000 0.902344 0.003906 0.904297 0.019531 0.904297 0.023438 0.902344 0.031250 0.892578 0.031250 0.876953 0.029297 0.873047 0.019531 0.865234
0 0.771484 0.871094 0.763672 0.875000 0.757812 0.882812 0.757812 0.900391 0.763672 0.908203 0.771484 0.912109 0.787109 0.912109 0.794922 0.908203 0.800781 0.900391 0.800781 0.882812 0.794922 0.875000 0.787109 0.871094
1 0.615234 0.015625 0.595703 0.005859 0.585938 0.005859 0.580078 0.011719 0.542969 0.013672 0.531250 0.023438 0.523438 0.037109 0.521484 0.068359 0.560547 0.080078 0.578125 0.078125 0.593750 0.070312 0.605469 0.060547 0.613281 0.042969
1 0.001953 0.000000 0.000000 0.128906 0.023438 0.132812 0.056641 0.146484 0.105469 0.144531 0.099609 0.125000 0.074219 0.099609 0.070312 0.087891 0.060547 0.076172 0.062500 0.052734 0.091797 0.000000
2 0.615234 0.068359 0.607422 0.068359 0.587891 0.087891 0.587891 0.097656 0.595703 0.111328 0.603516 0.140625 0.605469 0.167969 0.609375 0.167969 0.611328 0.150391 0.619141 0.140625 0.623047 0.121094 0.628906 0.113281 0.626953 0.089844
1 0.345703 0.027344 0.335938 0.037109 0.324219 0.076172 0.324219 0.097656 0.339844 0.138672 0.363281 0.173828 0.376953 0.179688 0.388672 0.193359 0.414062 0.201172 0.427734 0.210938 0.457031 0.208984 0.470703 0.203125 0.470703 0.144531 0.464844 0.125000 0.457031 0.113281 0.457031 0.103516 0.410156 0.095703 0.384766 0.060547 0.373047 0.029297 0.367188 0.023438
1 0.900391 0.068359 0.890625 0.056641 0.847656 0.041016 0.806641 0.042969 0.769531 0.052734 0.738281 0.068359 0.718750 0.085938 0.703125 0.111328 0.687500 0.125000 0.677734 0.128906 0.671875 0.136719 0.656250 0.187500 0.658203 0.230469 0.740234 0.228516 0.783203 0.216797 0.796875 0.208984 0.822266 0.164062 0.839844 0.146484 0.841797 0.138672 0.857422 0.119141 0.875000 0.109375 0.896484 0.087891 0.902344 0.078125
1 0.509766 0.074219 0.482422 0.089844 0.472656 0.109375 0.470703 0.130859 0.482422 0.185547 0.496094 0.214844 0.517578 0.240234 0.531250 0.244141 0.546875 0.255859 0.570312 0.257812 0.578125 0.248047 0.599609 0.181641 0.599609 0.136719 0.595703 0.117188 0.585938 0.095703 0.539062 0.076172
1 0.306641 0.105469 0.251953 0.107422 0.228516 0.125000 0.214844 0.130859 0.203125 0.156250 0.205078 0.177734 0.216797 0.220703 0.224609 0.230469 0.234375 0.232422 0.277344 0.257812 0.318359 0.236328 0.326172 0.224609 0.333984 0.197266 0.333984 0.128906 0.322266 0.111328
1 0.917969 0.109375 0.898438 0.109375 0.886719 0.125000 0.871094 0.132812 0.837891 0.164062 0.832031 0.173828 0.826172 0.175781 0.798828 0.228516 0.789062 0.240234 0.783203 0.261719 0.789062 0.271484 0.794922 0.302734 0.804688 0.326172 0.810547 0.332031 0.824219 0.328125 0.869141 0.328125 0.884766 0.308594 0.894531 0.304688 0.925781 0.277344 0.939453 0.250000 0.947266 0.185547 0.941406 0.160156 0.929688 0.140625
1 0.193359 0.164062 0.187500 0.162109 0.171875 0.167969 0.152344 0.193359 0.130859 0.205078 0.117188 0.218750 0.109375 0.251953 0.109375 0.291016 0.144531 0.292969 0.181641 0.269531 0.208984 0.242188 0.212891 0.224609
2 0.439453 0.220703 0.445312 0.250000 0.455078 0.261719 0.486328 0.269531 0.521484 0.267578 0.521484 0.261719 0.507812 0.248047 0.507812 0.236328 0.484375 0.216797 0.474609 0.212891 0.445312 0.216797
1 0.226562 0.236328 0.210938 0.242188 0.183594 0.269531 0.183594 0.285156 0.193359 0.300781 0.214844 0.308594 0.236328 0.310547 0.246094 0.306641 0.261719 0.292969 0.271484 0.277344 0.271484 0.263672 0.263672 0.253906
1 0.775391 0.253906 0.736328 0.236328 0.740234 0.234375 0.652344 0.240234 0.644531 0.261719 0.628906 0.285156 0.628906 0.322266 0.642578 0.353516 0.669922 0.386719 0.720703 0.388672 0.746094 0.382812 0.763672 0.382812 0.808594 0.359375 0.812500 0.341797 0.792969 0.302734 0.787109 0.271484
2 0.091797 0.318359 0.091797 0.332031 0.097656 0.345703 0.109375 0.349609 0.164062 0.349609 0.166016 0.343750 0.181641 0.330078 0.181641 0.326172 0.148438 0.306641 0.140625 0.296875 0.119141 0.296875
2 0.326172 0.322266 0.310547 0.320312 0.283203 0.330078 0.259766 0.347656 0.259766 0.357422 0.289062 0.359375 0.292969 0.365234 0.304688 0.369141 0.306641 0.361328 0.318359 0.351562 0.318359 0.335938
1 0.492188 0.349609 0.486328 0.341797 0.480469 0.312500 0.470703 0.300781 0.435547 0.291016 0.421875 0.291016 0.396484 0.296875 0.367188 0.310547 0.337891 0.316406 0.324219 0.335938 0.320312 0.351562 0.312500 0.361328 0.310547 0.375000 0.318359 0.388672 0.345703 0.392578 0.380859 0.390625 0.406250 0.384766 0.419922 0.376953 0.468750 0.382812 0.484375 0.375000
1 0.289062 0.365234 0.267578 0.361328 0.259766 0.369141 0.238281 0.375000 0.230469 0.382812 0.224609 0.406250 0.224609 0.435547 0.228516 0.443359 0.242188 0.451172 0.269531 0.451172 0.277344 0.447266 0.298828 0.382812 0.298828 0.375000
1 0.085938 0.410156 0.091797 0.460938 0.101562 0.478516 0.117188 0.484375 0.138672 0.482422 0.156250 0.468750 0.183594 0.458984 0.205078 0.441406 0.208984 0.421875 0.197266 0.408203 0.154297 0.388672 0.136719 0.384766 0.115234 0.386719 0.095703 0.398438
1 0.056641 0.392578 0.042969 0.416016 0.039062 0.435547 0.041016 0.488281 0.068359 0.488281 0.083984 0.476562 0.085938 0.416016 0.080078 0.394531
1 0.880859 0.378906 0.863281 0.376953 0.845703 0.382812 0.832031 0.390625 0.816406 0.410156 0.814453 0.445312 0.798828 0.466797 0.792969 0.482422 0.802734 0.500000 0.861328 0.500000 0.876953 0.505859 0.880859 0.511719 0.902344 0.505859 0.904297 0.501953 0.894531 0.492188 0.894531 0.480469 0.906250 0.451172 0.904297 0.402344
1 0.472656 0.392578 0.431641 0.382812 0.386719 0.390625 0.378906 0.396484 0.365234 0.447266 0.380859 0.466797 0.378906 0.494141 0.394531 0.519531 0.429688 0.519531 0.451172 0.501953 0.466797 0.482422 0.484375 0.419922 0.484375 0.408203
1 0.800781 0.398438 0.791016 0.388672 0.777344 0.388672 0.763672 0.392578 0.748047 0.404297 0.712891 0.414062 0.693359 0.443359 0.669922 0.462891 0.664062 0.476562 0.664062 0.496094 0.667969 0.500000 0.759766 0.503906 0.777344 0.494141 0.800781 0.460938 0.808594 0.441406 0.806641 0.410156
1 0.148438 0.484375 0.115234 0.550781 0.117188 0.566406 0.128906 0.582031 0.152344 0.593750 0.191406 0.603516 0.210938 0.619141 0.236328 0.626953 0.253906 0.626953 0.267578 0.621094 0.289062 0.619141 0.304688 0.609375 0.310547 0.599609 0.310547 0.564453 0.291016 0.507812 0.275391 0.482422 0.236328 0.462891 0.226562 0.462891 0.218750 0.466797 0.185547 0.464844
1 0.763672 0.611328 0.810547 0.599609 0.835938 0.572266 0.851562 0.566406 0.871094 0.546875 0.880859 0.521484 0.839844 0.503906 0.773438 0.501953 0.765625 0.505859 0.759766 0.517578 0.757812 0.542969 0.750000 0.556641 0.761719 0.591797 0.759766 0.605469
1 0.748047 0.507812 0.718750 0.503906 0.677734 0.505859 0.658203 0.511719 0.650391 0.535156 0.652344 0.574219 0.664062 0.599609 0.677734 0.615234 0.716797 0.619141 0.755859 0.611328 0.757812 0.587891 0.748047 0.556641 0.755859 0.542969 0.757812 0.523438
1 0.505859 0.568359 0.498047 0.560547 0.484375 0.554688 0.466797 0.554688 0.443359 0.562500 0.400391 0.617188 0.359375 0.646484 0.335938 0.652344 0.312500 0.669922 0.304688 0.691406 0.306641 0.726562 0.337891 0.730469 0.361328 0.740234 0.378906 0.740234 0.376953 0.708984 0.410156 0.667969 0.441406 0.646484 0.453125 0.628906 0.472656 0.615234 0.503906 0.576172
1 0.533203 0.558594 0.525391 0.554688 0.515625 0.556641 0.501953 0.585938 0.484375 0.605469 0.476562 0.609375 0.472656 0.617188 0.457031 0.626953 0.445312 0.660156 0.431641 0.673828 0.404297 0.691406 0.394531 0.714844 0.394531 0.732422 0.398438 0.738281 0.427734 0.738281 0.457031 0.722656 0.494141 0.716797 0.507812 0.708984 0.533203 0.685547 0.550781 0.675781 0.570312 0.623047 0.570312 0.613281 0.558594 0.585938
1 0.134766 0.595703 0.123047 0.621094 0.123047 0.638672 0.128906 0.664062 0.136719 0.673828 0.136719 0.681641 0.142578 0.691406 0.144531 0.728516 0.148438 0.740234 0.162109 0.751953 0.203125 0.744141 0.212891 0.732422 0.226562 0.728516 0.240234 0.716797 0.251953 0.691406 0.267578 0.671875 0.285156 0.658203 0.289062 0.638672 0.275391 0.628906 0.222656 0.626953 0.167969 0.601562
1 0.751953 0.636719 0.736328 0.632812 0.697266 0.632812 0.644531 0.638672 0.626953 0.644531 0.587891 0.669922 0.589844 0.677734 0.603516 0.683594 0.611328 0.691406 0.630859 0.746094 0.646484 0.753906 0.667969 0.792969 0.679688 0.802734 0.716797 0.800781 0.732422 0.783203 0.744141 0.705078 0.751953 0.689453 0.769531 0.671875 0.769531 0.652344
1 0.562500 0.683594 0.546875 0.701172 0.546875 0.710938 0.597656 0.730469 0.603516 0.738281 0.609375 0.769531 0.625000 0.794922 0.626953 0.804688 0.650391 0.818359 0.662109 0.794922 0.642578 0.755859 0.628906 0.746094 0.613281 0.705078 0.603516 0.691406 0.582031 0.679688
1 0.787109 0.648438 0.771484 0.669922 0.757812 0.699219 0.753906 0.724609 0.748047 0.738281 0.746094 0.781250 0.736328 0.802734 0.734375 0.822266 0.744141 0.853516 0.806641 0.855469 0.871094 0.845703 0.886719 0.820312 0.896484 0.771484 0.896484 0.708984 0.845703 0.660156 0.832031 0.654297
1 0.541016 0.720703 0.537109 0.724609 0.539062 0.736328 0.531250 0.740234 0.517578 0.755859 0.501953 0.781250 0.503906 0.789062 0.517578 0.802734 0.529297 0.824219 0.564453 0.845703 0.601562 0.855469 0.644531 0.853516 0.646484 0.832031 0.630859 0.822266 0.593750 0.744141 0.578125 0.732422
1 0.664062 0.808594 0.650391 0.853516 0.669922 0.871094 0.679688 0.886719 0.710938 0.890625 0.718750 0.869141 0.734375 0.847656 0.734375 0.830078 0.730469 0.820312 0.707031 0.808594
1 0.716797 0.890625 0.724609 0.947266 0.730469 0.955078 0.748047 0.964844 0.753906 0.964844 0.773438 0.953125 0.777344 0.943359 0.800781 0.923828 0.847656 0.904297 0.847656 0.886719 0.841797 0.873047 0.816406 0.861328 0.736328 0.863281 0.724609 0.873047
3 0.167969 0.378906 0.156250 0.363281 0.091797 0.357422 0.066406 0.337891 0.070312 0.326172 0.091797 0.310547 0.099609 0.289062 0.101562 0.234375 0.087891 0.242188 0.080078 0.269531 0.070312 0.277344 0.031250 0.285156 0.000000 0.285156 0.000000 0.365234 0.041016 0.378906 0.083984 0.384766 0.111328 0.376953
3 0.341797 0.154297 0.343750 0.191406 0.335938 0.230469 0.310547 0.250000 0.304688 0.267578 0.304688 0.279297 0.320312 0.289062 0.328125 0.308594 0.353516 0.308594 0.386719 0.294922 0.435547 0.285156 0.462891 0.285156 0.474609 0.296875 0.484375 0.296875 0.488281 0.302734 0.486328 0.285156 0.480469 0.285156 0.468750 0.273438 0.453125 0.269531 0.441406 0.257812 0.419922 0.212891 0.369141 0.187500
3 0.943359 0.064453 0.931641 0.068359 0.923828 0.078125 0.925781 0.099609 0.939453 0.121094 0.939453 0.134766 0.951172 0.156250 0.955078 0.185547 0.964844 0.203125 0.960938 0.208984 0.958984 0.248047 0.945312 0.269531 0.941406 0.285156 0.919922 0.300781 0.910156 0.314453 0.912109 0.330078 0.904297 0.339844 0.904297 0.380859 0.910156 0.388672 0.910156 0.414062 0.916016 0.427734 0.953125 0.472656 0.943359 0.472656 0.927734 0.451172 0.916016 0.447266 0.902344 0.478516 0.900391 0.494141 0.908203 0.501953 0.906250 0.507812 0.894531 0.511719 0.886719 0.537109 0.865234 0.558594 0.839844 0.595703 0.822266 0.613281 0.804688 0.619141 0.755859 0.619141 0.742188 0.623047 0.865234 0.658203 0.900391 0.693359 0.908203 0.742188 0.937500 0.726562 0.966797 0.726562 0.925781 0.695312 0.912109 0.648438 0.914062 0.599609 0.929688 0.552734 0.947266 0.527344 0.978516 0.511719 0.974609 0.496094 0.951172 0.474609 0.955078 0.472656 0.970703 0.482422 0.984375 0.482422 0.988281 0.509766 0.998047 0.519531 0.998047 0.404297 0.988281 0.394531 0.994141 0.347656 0.998047 0.343750 0.998047 0.175781 0.992188 0.177734 0.988281 0.173828 0.984375 0.146484 0.972656 0.125000 0.972656 0.111328 0.960938 0.095703 0.957031 0.076172
3 0.960938 0.000000 0.828125 0.000000 0.783203 0.017578 0.755859 0.037109 0.708984 0.046875 0.662109 0.068359 0.658203 0.066406 0.662109 0.054688 0.679688 0.054688 0.707031 0.041016 0.714844 0.031250 0.718750 0.019531 0.714844 0.000000 0.615234 0.000000 0.625000 0.076172 0.632812 0.083984 0.640625 0.083984 0.646484 0.078125 0.650391 0.082031 0.632812 0.109375 0.621094 0.156250 0.599609 0.193359 0.578125 0.257812 0.554688 0.261719 0.513672 0.279297 0.498047 0.296875 0.496094 0.310547 0.492188 0.312500 0.490234 0.308594 0.498047 0.330078 0.490234 0.417969 0.464844 0.496094 0.437500 0.519531 0.419922 0.525391 0.386719 0.548828 0.369141 0.552734 0.339844 0.568359 0.332031 0.576172 0.302734 0.646484 0.257812 0.689453 0.242188 0.720703 0.230469 0.730469 0.220703 0.732422 0.212891 0.750000 0.216797 0.761719 0.193359 0.767578 0.177734 0.781250 0.177734 0.798828 0.191406 0.812500 0.224609 0.822266 0.228516 0.851562 0.240234 0.871094 0.234375 0.880859 0.228516 0.912109 0.185547 0.984375 0.164062 0.998047 0.273438 0.996094 0.308594 0.941406 0.324219 0.933594 0.335938 0.917969 0.347656 0.912109 0.363281 0.888672 0.410156 0.859375 0.455078 0.812500 0.500000 0.783203 0.498047 0.767578 0.529297 0.728516 0.539062 0.707031 0.539062 0.693359 0.517578 0.718750 0.494141 0.736328 0.458984 0.738281 0.427734 0.748047 0.345703 0.746094 0.337891 0.738281 0.326172 0.738281 0.275391 0.750000 0.255859 0.765625 0.248047 0.761719 0.291016 0.728516 0.310547 0.669922 0.330078 0.652344 0.398438 0.613281 0.443359 0.558594 0.511719 0.537109 0.535156 0.537109 0.548828 0.542969 0.568359 0.562500 0.580078 0.587891 0.582031 0.626953 0.578125 0.660156 0.601562 0.654297 0.634766 0.626953 0.654297 0.621094 0.642578 0.582031 0.640625 0.521484 0.667969 0.462891 0.683594 0.449219 0.708984 0.412109 0.708984 0.404297 0.669922 0.404297 0.644531 0.396484 0.625000 0.375000 0.617188 0.359375 0.615234 0.320312 0.642578 0.193359 0.660156 0.150391 0.687500 0.103516 0.722656 0.074219 0.748047 0.062500 0.771484 0.044922 0.804688 0.035156 0.867188 0.029297 0.902344 0.050781 0.931641 0.058594
