0 0.775828 0.000000 0.773879 0.013672 0.771930 0.015625 0.773879 0.017578 0.773879 0.025391 0.779727 0.037109 0.791423 0.046875 0.795322 0.046875 0.797271 0.048828 0.816764 0.048828 0.828460 0.042969 0.838207 0.031250 0.838207 0.027344 0.840156 0.025391 0.840156 0.005859 0.838207 0.003906 0.838207 0.000000
0 0.929825 0.085938 0.925926 0.087891 0.914230 0.101562 0.914230 0.109375 0.912281 0.111328 0.914230 0.113281 0.914230 0.121094 0.916179 0.125000 0.929825 0.136719 0.947368 0.136719 0.951267 0.134766 0.962963 0.121094 0.962963 0.101562 0.961014 0.097656 0.947368 0.085938
0 0.853801 0.089844 0.842105 0.095703 0.834308 0.103516 0.828460 0.115234 0.828460 0.125000 0.826511 0.126953 0.828460 0.128906 0.828460 0.138672 0.834308 0.150391 0.842105 0.158203 0.853801 0.164062 0.875244 0.164062 0.886940 0.158203 0.894737 0.150391 0.900585 0.138672 0.900585 0.115234 0.894737 0.103516 0.886940 0.095703 0.875244 0.089844
0 0.290448 0.117188 0.284600 0.121094 0.280702 0.128906 0.280702 0.134766 0.278752 0.136719 0.280702 0.138672 0.280702 0.144531 0.284600 0.152344 0.290448 0.156250 0.304094 0.156250 0.309942 0.152344 0.313840 0.144531 0.313840 0.128906 0.309942 0.121094 0.304094 0.117188
0 0.331384 0.232422 0.323587 0.236328 0.309942 0.250000 0.306043 0.259766 0.306043 0.269531 0.304094 0.271484 0.306043 0.273438 0.306043 0.283203 0.309942 0.292969 0.323587 0.306641 0.331384 0.310547 0.354776 0.310547 0.362573 0.306641 0.376218 0.292969 0.380117 0.283203 0.380117 0.259766 0.376218 0.250000 0.362573 0.236328 0.354776 0.232422
0 0.775828 0.285156 0.768031 0.289062 0.760234 0.296875 0.756335 0.304688 0.756335 0.326172 0.760234 0.333984 0.768031 0.341797 0.775828 0.345703 0.795322 0.345703 0.803119 0.341797 0.810916 0.333984 0.814815 0.326172 0.814815 0.304688 0.810916 0.296875 0.803119 0.289062 0.795322 0.285156
0 0.842105 0.349609 0.832359 0.359375 0.828460 0.367188 0.828460 0.375000 0.826511 0.376953 0.828460 0.378906 0.828460 0.386719 0.832359 0.394531 0.842105 0.404297 0.846004 0.404297 0.847953 0.406250 0.865497 0.406250 0.867446 0.404297 0.871345 0.404297 0.881092 0.394531 0.884990 0.386719 0.884990 0.367188 0.881092 0.359375 0.871345 0.349609 0.867446 0.349609 0.865497 0.347656 0.847953 0.347656 0.846004 0.349609
0 0.257310 0.449219 0.251462 0.457031 0.251462 0.470703 0.253411 0.474609 0.261209 0.480469 0.276803 0.480469 0.280702 0.478516 0.286550 0.470703 0.286550 0.457031 0.284600 0.453125 0.276803 0.447266 0.261209 0.447266
0 0.709552 0.595703 0.701754 0.599609 0.693957 0.607422 0.692008 0.611328 0.692008 0.619141 0.690058 0.621094 0.692008 0.623047 0.692008 0.630859 0.701754 0.642578 0.709552 0.646484 0.727096 0.646484 0.734893 0.642578 0.742690 0.634766 0.744639 0.630859 0.744639 0.611328 0.734893 0.599609 0.727096 0.595703
0 0.317739 0.613281 0.309942 0.617188 0.304094 0.623047 0.300195 0.630859 0.300195 0.638672 0.298246 0.640625 0.300195 0.642578 0.300195 0.650391 0.304094 0.658203 0.309942 0.664062 0.317739 0.667969 0.335283 0.667969 0.343080 0.664062 0.348928 0.658203 0.352827 0.650391 0.352827 0.630859 0.348928 0.623047 0.343080 0.617188 0.335283 0.613281
0 0.836257 0.652344 0.834308 0.654297 0.830409 0.654297 0.818713 0.664062 0.812865 0.675781 0.812865 0.697266 0.818713 0.708984 0.830409 0.718750 0.834308 0.718750 0.836257 0.720703 0.855750 0.720703 0.857700 0.718750 0.861598 0.718750 0.873294 0.708984 0.879142 0.697266 0.879142 0.675781 0.873294 0.664062 0.861598 0.654297 0.857700 0.654297 0.855750 0.652344
0 0.169591 0.718750 0.165692 0.720703 0.155945 0.732422 0.155945 0.738281 0.153996 0.740234 0.155945 0.742188 0.155945 0.748047 0.157895 0.751953 0.169591 0.761719 0.185185 0.761719 0.185185 0.751953 0.191033 0.742188 0.200780 0.734375 0.198830 0.728516 0.187135 0.718750
0 0.206628 0.732422 0.196881 0.738281 0.187135 0.751953 0.187135 0.773438 0.192982 0.783203 0.206628 0.792969 0.228070 0.792969 0.237817 0.787109 0.247563 0.773438 0.247563 0.751953 0.241715 0.742188 0.228070 0.732422
0 0.818713 0.808594 0.814815 0.810547 0.803119 0.824219 0.803119 0.841797 0.805068 0.845703 0.818713 0.857422 0.838207 0.857422 0.842105 0.855469 0.853801 0.841797 0.853801 0.824219 0.851852 0.820312 0.838207 0.808594
0 0.142300 0.839844 0.134503 0.843750 0.128655 0.851562 0.128655 0.869141 0.134503 0.876953 0.142300 0.880859 0.157895 0.880859 0.165692 0.876953 0.171540 0.869141 0.171540 0.851562 0.165692 0.843750 0.157895 0.839844
0 0.750487 0.837891 0.740741 0.843750 0.734893 0.851562 0.732943 0.865234 0.730994 0.867188 0.732943 0.869141 0.732943 0.876953 0.738791 0.888672 0.750487 0.896484 0.768031 0.896484 0.777778 0.890625 0.783626 0.882812 0.783626 0.878906 0.785575 0.876953 0.785575 0.857422 0.779727 0.845703 0.768031 0.837891
0 0.637427 0.859375 0.633528 0.861328 0.621832 0.875000 0.621832 0.892578 0.623782 0.896484 0.637427 0.908203 0.656920 0.908203 0.660819 0.906250 0.672515 0.892578 0.672515 0.875000 0.670565 0.871094 0.656920 0.859375
0 0.795322 0.904297 0.787524 0.908203 0.779727 0.917969 0.777778 0.931641 0.775828 0.933594 0.777778 0.935547 0.777778 0.943359 0.779727 0.945312 0.779727 0.949219 0.787524 0.958984 0.795322 0.962891 0.810916 0.962891 0.818713 0.958984 0.826511 0.949219 0.826511 0.945312 0.828460 0.943359 0.828460 0.923828 0.826511 0.921875 0.826511 0.917969 0.818713 0.908203 0.810916 0.904297
0 0.959064 0.933594 0.955166 0.935547 0.945419 0.947266 0.945419 0.964844 0.955166 0.976562 0.959064 0.978516 0.972710 0.978516 0.976608 0.976562 0.986355 0.964844 0.986355 0.947266 0.976608 0.935547 0.972710 0.933594
1 0.645224 0.164062 0.660819 0.167969 0.678363 0.179688 0.697856 0.179688 0.725146 0.171875 0.734893 0.162109 0.756335 0.109375 0.773879 0.097656 0.793372 0.070312 0.816764 0.060547 0.820663 0.052734 0.834308 0.044922 0.844055 0.033203 0.881092 0.009766 0.881092 0.000000 0.697856 0.000000 0.684211 0.011719 0.676413 0.037109 0.670565 0.041016 0.654971 0.080078 0.653021 0.105469 0.645224 0.126953
1 0.253411 0.001953 0.200780 0.037109 0.198830 0.046875 0.191033 0.056641 0.191033 0.091797 0.196881 0.111328 0.230019 0.152344 0.274854 0.185547 0.294347 0.208984 0.327485 0.210938 0.333333 0.201172 0.366472 0.171875 0.370370 0.164062 0.376218 0.082031 0.384016 0.054688 0.384016 0.029297 0.370370 0.005859 0.362573 0.000000
1 0.894737 0.029297 0.884990 0.021484 0.869396 0.021484 0.844055 0.044922 0.816764 0.062500 0.793372 0.072266 0.777778 0.091797 0.771930 0.107422 0.760234 0.119141 0.758285 0.150391 0.783626 0.164062 0.830409 0.162109 0.840156 0.169922 0.898635 0.173828 0.904483 0.169922 0.906433 0.109375 0.910331 0.097656 0.900585 0.078125 0.890838 0.070312 0.890838 0.060547 0.900585 0.058594
1 0.927875 0.001953 0.927875 0.009766 0.916179 0.021484 0.908382 0.023438 0.908382 0.048828 0.900585 0.060547 0.892788 0.060547 0.892788 0.070312 0.902534 0.078125 0.912281 0.097656 0.910331 0.179688 0.923977 0.185547 0.931774 0.193359 0.935673 0.210938 0.945419 0.222656 0.961014 0.222656 0.974659 0.218750 0.978558 0.210938 0.990253 0.205078 0.996101 0.197266 0.996101 0.015625 0.962963 0.001953
1 0.896686 0.175781 0.838207 0.169922 0.779727 0.171875 0.773879 0.177734 0.758285 0.179688 0.752437 0.185547 0.727096 0.195312 0.719298 0.212891 0.719298 0.230469 0.732943 0.283203 0.729045 0.304688 0.732943 0.328125 0.723197 0.367188 0.732943 0.416016 0.744639 0.416016 0.779727 0.404297 0.795322 0.394531 0.810916 0.394531 0.820663 0.373047 0.865497 0.326172 0.890838 0.314453 0.929825 0.279297 0.941520 0.226562 0.933723 0.212891 0.920078 0.203125
1 0.961014 0.277344 0.933723 0.277344 0.904483 0.308594 0.865497 0.328125 0.822612 0.373047 0.822612 0.392578 0.818713 0.396484 0.818713 0.404297 0.824561 0.410156 0.842105 0.449219 0.857700 0.468750 0.875244 0.480469 0.886940 0.478516 0.912281 0.435547 0.962963 0.390625 0.978558 0.365234 0.980507 0.294922
1 0.368421 0.173828 0.335283 0.201172 0.304094 0.253906 0.304094 0.283203 0.315789 0.300781 0.321637 0.332031 0.313840 0.345703 0.311891 0.371094 0.302144 0.396484 0.298246 0.449219 0.292398 0.472656 0.302144 0.515625 0.329435 0.548828 0.362573 0.568359 0.376218 0.572266 0.397661 0.572266 0.440546 0.550781 0.452242 0.533203 0.475634 0.511719 0.493177 0.486328 0.518519 0.425781 0.518519 0.406250 0.524366 0.388672 0.524366 0.359375 0.512671 0.332031 0.504873 0.298828 0.491228 0.279297 0.475634 0.265625 0.456140 0.261719 0.440546 0.253906 0.405458 0.197266 0.387914 0.181641
1 0.304094 0.304688 0.284600 0.298828 0.259259 0.298828 0.243665 0.308594 0.220273 0.316406 0.191033 0.320312 0.175439 0.335938 0.155945 0.345703 0.113060 0.357422 0.089669 0.376953 0.054581 0.416016 0.037037 0.447266 0.031189 0.468750 0.033138 0.507812 0.058480 0.568359 0.068226 0.582031 0.095517 0.603516 0.130604 0.613281 0.183236 0.615234 0.192982 0.609375 0.241715 0.595703 0.255361 0.585938 0.274854 0.562500 0.302144 0.541016 0.298246 0.501953 0.290448 0.484375 0.290448 0.451172 0.296296 0.410156 0.309942 0.371094 0.309942 0.312500
1 0.766082 0.574219 0.756335 0.650391 0.756335 0.714844 0.781676 0.730469 0.822612 0.726562 0.842105 0.716797 0.879142 0.707031 0.908382 0.683594 0.916179 0.664062 0.916179 0.613281 0.908382 0.593750 0.898635 0.582031 0.865497 0.570312 0.834308 0.564453 0.789474 0.564453
1 0.732943 0.587891 0.719298 0.583984 0.699805 0.585938 0.684211 0.593750 0.672515 0.609375 0.664717 0.611328 0.662768 0.617188 0.647173 0.628906 0.602339 0.708984 0.602339 0.726562 0.614035 0.738281 0.619883 0.751953 0.627680 0.755859 0.653021 0.757812 0.664717 0.751953 0.674464 0.753906 0.695906 0.746094 0.713450 0.744141 0.715400 0.728516 0.732943 0.712891 0.740741 0.683594 0.738791 0.656250 0.752437 0.636719 0.750487 0.605469
1 0.346979 0.603516 0.329435 0.603516 0.296296 0.617188 0.278752 0.615234 0.270955 0.625000 0.269006 0.654297 0.261209 0.673828 0.263158 0.714844 0.257310 0.730469 0.257310 0.783203 0.241715 0.796875 0.243665 0.806641 0.267057 0.824219 0.290448 0.826172 0.302144 0.824219 0.315789 0.816406 0.331384 0.792969 0.350877 0.748047 0.358674 0.742188 0.356725 0.707031 0.372320 0.625000 0.364522 0.615234
1 0.241715 0.619141 0.200780 0.619141 0.150097 0.644531 0.132554 0.666016 0.107212 0.673828 0.099415 0.681641 0.093567 0.695312 0.093567 0.714844 0.089669 0.722656 0.066277 0.740234 0.060429 0.761719 0.054581 0.767578 0.054581 0.783203 0.066277 0.802734 0.095517 0.816406 0.142300 0.816406 0.185185 0.765625 0.187135 0.751953 0.192982 0.742188 0.204678 0.732422 0.243665 0.623047
1 0.255361 0.617188 0.245614 0.619141 0.224172 0.689453 0.206628 0.732422 0.194932 0.742188 0.189084 0.751953 0.187135 0.765625 0.148148 0.812500 0.150097 0.814453 0.169591 0.814453 0.210526 0.800781 0.228070 0.800781 0.253411 0.787109 0.255361 0.730469 0.251462 0.722656 0.251462 0.703125 0.261209 0.662109 0.261209 0.623047
1 0.779727 0.751953 0.756335 0.755859 0.744639 0.767578 0.746589 0.833984 0.738791 0.853516 0.738791 0.896484 0.746589 0.906250 0.756335 0.906250 0.771930 0.896484 0.787524 0.892578 0.805068 0.839844 0.810916 0.775391 0.801170 0.763672
1 0.832359 0.761719 0.822612 0.777344 0.814815 0.806641 0.807018 0.816406 0.807018 0.839844 0.789474 0.892578 0.799220 0.902344 0.818713 0.908203 0.884990 0.910156 0.908382 0.894531 0.912281 0.880859 0.912281 0.857422 0.904483 0.822266 0.886940 0.783203 0.877193 0.777344 0.863548 0.775391 0.846004 0.763672
1 0.721248 0.792969 0.707602 0.779297 0.680312 0.777344 0.645224 0.791016 0.625731 0.808594 0.608187 0.810547 0.596491 0.818359 0.578947 0.822266 0.559454 0.839844 0.561404 0.861328 0.539961 0.876953 0.539961 0.921875 0.543860 0.925781 0.569201 0.929688 0.586745 0.919922 0.598441 0.927734 0.619883 0.929688 0.637427 0.939453 0.664717 0.939453 0.682261 0.933594 0.703704 0.917969 0.730994 0.884766 0.729045 0.867188 0.736842 0.853516 0.736842 0.822266
1 0.267057 0.830078 0.233918 0.804688 0.210526 0.806641 0.177388 0.822266 0.111111 0.822266 0.097466 0.828125 0.079922 0.863281 0.079922 0.882812 0.083821 0.894531 0.103314 0.925781 0.095517 0.939453 0.097466 0.960938 0.103314 0.964844 0.115010 0.962891 0.130604 0.945312 0.159844 0.939453 0.179337 0.919922 0.214425 0.900391 0.233918 0.882812 0.249513 0.882812 0.269006 0.857422 0.270955 0.837891
1 0.945419 0.910156 0.933723 0.919922 0.935673 0.951172 0.941520 0.972656 0.964912 0.980469 0.986355 0.980469 0.996101 0.972656 0.996101 0.925781 0.990253 0.919922 0.966862 0.910156
1 0.723197 0.929688 0.723197 0.945312 0.730994 0.955078 0.768031 0.970703 0.801170 0.974609 0.828460 0.998047 0.910331 0.998047 0.929825 0.972656 0.929825 0.960938 0.925926 0.955078 0.929825 0.925781 0.918129 0.914062 0.838207 0.917969 0.828460 0.910156 0.791423 0.902344 0.768031 0.902344 0.736842 0.916016
3 0.000000 0.408203 0.000000 0.429688 0.015595 0.429688 0.033138 0.445312 0.037037 0.435547 0.035088 0.412109 0.029240 0.408203
3 0.027290 0.281250 0.000000 0.287109 0.000000 0.339844 0.027290 0.292969
3 0.996101 0.201172 0.982456 0.210938 0.980507 0.226562 0.974659 0.232422 0.943470 0.226562 0.933723 0.275391 0.957115 0.273438 0.968811 0.277344 0.996101 0.257812
3 0.693957 0.000000 0.366472 0.000000 0.372320 0.005859 0.403509 0.001953 0.436647 0.029297 0.458090 0.021484 0.483431 0.033203 0.489279 0.044922 0.520468 0.072266 0.526316 0.087891 0.536062 0.095703 0.547758 0.097656 0.551657 0.169922 0.522417 0.224609 0.512671 0.230469 0.506823 0.250000 0.497076 0.253906 0.481481 0.246094 0.471735 0.250000 0.465887 0.244141 0.465887 0.232422 0.456140 0.238281 0.438596 0.224609 0.426901 0.201172 0.423002 0.205078 0.413255 0.203125 0.440546 0.250000 0.452242 0.257812 0.477583 0.263672 0.502924 0.289062 0.522417 0.351562 0.526316 0.353516 0.520468 0.431641 0.495127 0.488281 0.442495 0.552734 0.399610 0.574219 0.372320 0.574219 0.327485 0.550781 0.309942 0.531250 0.309942 0.546875 0.327485 0.568359 0.329435 0.578125 0.323587 0.583984 0.306043 0.576172 0.294347 0.583984 0.282651 0.583984 0.270955 0.570312 0.257310 0.585938 0.263158 0.593750 0.261209 0.605469 0.251462 0.591797 0.179337 0.619141 0.136452 0.617188 0.122807 0.625000 0.087719 0.623047 0.056530 0.601562 0.038986 0.580078 0.029240 0.521484 0.027290 0.474609 0.015595 0.482422 0.000000 0.482422 0.000000 0.570312 0.027290 0.599609 0.040936 0.628906 0.040936 0.705078 0.027290 0.740234 0.025341 0.761719 0.021442 0.767578 0.000000 0.767578 0.000000 0.998047 0.222222 0.998047 0.233918 0.980469 0.270955 0.988281 0.274854 0.998047 0.543860 0.998047 0.538012 0.988281 0.539961 0.970703 0.547758 0.955078 0.580897 0.941406 0.575049 0.929688 0.543860 0.929688 0.536062 0.921875 0.536062 0.880859 0.545809 0.867188 0.557505 0.863281 0.557505 0.837891 0.580897 0.818359 0.594542 0.816406 0.610136 0.806641 0.627680 0.804688 0.639376 0.791016 0.656920 0.783203 0.662768 0.775391 0.654971 0.769531 0.639376 0.771484 0.608187 0.796875 0.561404 0.820312 0.543860 0.804688 0.534113 0.775391 0.539961 0.759766 0.557505 0.744141 0.575049 0.744141 0.590643 0.732422 0.608187 0.691406 0.643275 0.630859 0.682261 0.591797 0.707602 0.580078 0.727096 0.583984 0.785575 0.554688 0.812865 0.554688 0.838207 0.564453 0.869396 0.560547 0.886940 0.576172 0.896686 0.566406 0.904483 0.546875 0.896686 0.537109 0.898635 0.523438 0.894737 0.511719 0.877193 0.484375 0.859649 0.472656 0.840156 0.451172 0.816764 0.406250 0.818713 0.382812 0.810916 0.398438 0.793372 0.398438 0.777778 0.408203 0.740741 0.419922 0.729045 0.414062 0.715400 0.392578 0.729045 0.337891 0.721248 0.322266 0.717349 0.324219 0.707602 0.369141 0.705653 0.414062 0.686160 0.433594 0.670565 0.433594 0.658869 0.416016 0.635478 0.410156 0.614035 0.417969 0.573099 0.410156 0.557505 0.396484 0.557505 0.380859 0.539961 0.349609 0.545809 0.347656 0.545809 0.332031 0.559454 0.294922 0.571150 0.281250 0.578947 0.261719 0.614035 0.220703 0.647173 0.195312 0.686160 0.201172 0.699805 0.193359 0.695906 0.185547 0.680312 0.183594 0.658869 0.169922 0.645224 0.167969 0.641326 0.162109 0.641326 0.128906 0.649123 0.111328 0.653021 0.076172 0.660819 0.064453 0.666667 0.041016 0.674464 0.035156 0.678363 0.015625
3 0.253411 0.000000 0.105263 0.000000 0.093567 0.050781 0.097466 0.060547 0.095517 0.083984 0.074074 0.101562 0.035088 0.101562 0.009747 0.089844 0.013645 0.058594 0.000000 0.058594 0.003899 0.072266 0.000000 0.101562 0.005848 0.107422 0.003899 0.125000 0.058480 0.173828 0.068226 0.177734 0.056530 0.210938 0.021442 0.250000 0.025341 0.255859 0.035088 0.259766 0.046784 0.251953 0.066277 0.224609 0.076023 0.201172 0.099415 0.173828 0.126706 0.128906 0.148148 0.117188 0.187135 0.115234 0.192982 0.109375 0.187135 0.066406 0.198830 0.035156
