0 0.591797 0.000000 0.607422 0.000000 0.621094 0.009766 0.625000 0.017578 0.625000 0.033203 0.621094 0.041016 0.611328 0.048828 0.609375 0.048828 0.615234 0.046875 0.626953 0.033203 0.626953 0.015625 0.625000 0.011719 0.611328 0.000000
0 0.587891 0.001953 0.576172 0.009766 0.570312 0.025391 0.572266 0.027344 0.572266 0.033203 0.576172 0.041016 0.587891 0.048828 0.607422 0.048828 0.619141 0.041016 0.623047 0.033203 0.623047 0.017578 0.619141 0.009766 0.607422 0.001953
0 0.634766 0.064453 0.615234 0.064453 0.613281 0.066406 0.609375 0.066406 0.603516 0.070312 0.593750 0.082031 0.591797 0.095703 0.589844 0.097656 0.591797 0.099609 0.591797 0.107422 0.597656 0.119141 0.609375 0.128906 0.611328 0.128906 0.609375 0.128906 0.601562 0.121094 0.595703 0.109375 0.595703 0.101562 0.593750 0.099609 0.595703 0.097656 0.597656 0.083984 0.601562 0.078125 0.615234 0.066406 0.619141 0.066406 0.621094 0.064453
0 0.615234 0.068359 0.609375 0.072266 0.599609 0.083984 0.597656 0.097656 0.595703 0.099609 0.597656 0.101562 0.599609 0.115234 0.603516 0.121094 0.615234 0.130859 0.619141 0.130859 0.621094 0.132812 0.640625 0.132812 0.642578 0.130859 0.646484 0.130859 0.652344 0.126953 0.662109 0.115234 0.662109 0.111328 0.664062 0.109375 0.664062 0.089844 0.662109 0.087891 0.662109 0.083984 0.658203 0.078125 0.646484 0.068359 0.642578 0.068359 0.640625 0.066406 0.621094 0.066406 0.619141 0.068359
0 0.552734 0.111328 0.541016 0.121094 0.546875 0.117188 0.566406 0.117188 0.574219 0.121094 0.585938 0.134766 0.585938 0.154297 0.582031 0.160156 0.574219 0.167969 0.566406 0.171875 0.552734 0.171875 0.570312 0.171875 0.583984 0.160156 0.587891 0.152344 0.587891 0.130859 0.583984 0.123047 0.574219 0.113281 0.570312 0.111328
0 0.546875 0.119141 0.539062 0.123047 0.529297 0.134766 0.529297 0.142578 0.527344 0.144531 0.529297 0.146484 0.529297 0.154297 0.539062 0.166016 0.546875 0.169922 0.566406 0.169922 0.574219 0.166016 0.583984 0.154297 0.583984 0.134766 0.574219 0.123047 0.566406 0.119141
0 0.375000 0.173828 0.367188 0.177734 0.357422 0.187500 0.355469 0.191406 0.355469 0.199219 0.353516 0.201172 0.355469 0.203125 0.355469 0.210938 0.367188 0.224609 0.375000 0.228516 0.394531 0.228516 0.382812 0.228516 0.378906 0.226562 0.365234 0.210938 0.365234 0.203125 0.363281 0.201172 0.365234 0.199219 0.365234 0.191406 0.367188 0.187500 0.378906 0.175781 0.382812 0.173828 0.394531 0.173828
0 0.382812 0.175781 0.378906 0.177734 0.367188 0.191406 0.367188 0.199219 0.365234 0.201172 0.367188 0.203125 0.367188 0.210938 0.369141 0.214844 0.382812 0.226562 0.402344 0.226562 0.406250 0.224609 0.417969 0.210938 0.417969 0.191406 0.416016 0.187500 0.402344 0.175781
0 0.277344 0.292969 0.267578 0.298828 0.261719 0.308594 0.261719 0.326172 0.267578 0.335938 0.277344 0.341797 0.294922 0.341797 0.304688 0.335938 0.310547 0.326172 0.310547 0.308594 0.304688 0.298828 0.294922 0.292969
0 0.904297 0.453125 0.896484 0.457031 0.886719 0.468750 0.886719 0.476562 0.884766 0.478516 0.886719 0.480469 0.886719 0.488281 0.896484 0.500000 0.904297 0.503906 0.923828 0.503906 0.931641 0.500000 0.941406 0.488281 0.941406 0.468750 0.931641 0.457031 0.923828 0.453125
0 0.490234 0.480469 0.484375 0.484375 0.480469 0.490234 0.480469 0.503906 0.482422 0.507812 0.490234 0.513672 0.507812 0.513672 0.513672 0.509766 0.517578 0.503906 0.517578 0.490234 0.515625 0.486328 0.507812 0.480469
0 0.634766 0.470703 0.623047 0.480469 0.619141 0.488281 0.619141 0.496094 0.617188 0.498047 0.619141 0.500000 0.619141 0.507812 0.623047 0.515625 0.634766 0.525391 0.654297 0.525391 0.666016 0.515625 0.669922 0.507812 0.669922 0.488281 0.666016 0.480469 0.654297 0.470703
0 0.343750 0.509766 0.335938 0.513672 0.326172 0.523438 0.324219 0.527344 0.324219 0.535156 0.322266 0.537109 0.324219 0.539062 0.324219 0.546875 0.335938 0.560547 0.343750 0.564453 0.363281 0.564453 0.371094 0.560547 0.380859 0.550781 0.382812 0.546875 0.382812 0.527344 0.371094 0.513672 0.363281 0.509766
0 0.841797 0.515625 0.830078 0.529297 0.828125 0.542969 0.826172 0.544922 0.828125 0.546875 0.830078 0.560547 0.841797 0.574219 0.857422 0.582031 0.884766 0.582031 0.894531 0.578125 0.908203 0.566406 0.914062 0.554688 0.914062 0.535156 0.908203 0.523438 0.900391 0.515625 0.884766 0.507812 0.857422 0.507812
0 0.503906 0.576172 0.490234 0.587891 0.490234 0.591797 0.488281 0.593750 0.488281 0.611328 0.490234 0.613281 0.490234 0.617188 0.500000 0.626953 0.503906 0.628906 0.521484 0.628906 0.535156 0.617188 0.535156 0.613281 0.537109 0.611328 0.537109 0.593750 0.535156 0.591797 0.535156 0.587891 0.525391 0.578125 0.521484 0.576172
0 0.583984 0.660156 0.574219 0.671875 0.574219 0.677734 0.572266 0.679688 0.574219 0.681641 0.576172 0.691406 0.587891 0.701172 0.607422 0.701172 0.611328 0.699219 0.621094 0.687500 0.621094 0.671875 0.619141 0.667969 0.607422 0.658203 0.587891 0.658203
0 0.115234 0.664062 0.111328 0.666016 0.103516 0.675781 0.103516 0.679688 0.101562 0.681641 0.101562 0.691406 0.099609 0.693359 0.101562 0.695312 0.101562 0.705078 0.103516 0.707031 0.103516 0.710938 0.111328 0.720703 0.115234 0.722656 0.126953 0.722656 0.130859 0.720703 0.138672 0.710938 0.138672 0.707031 0.140625 0.705078 0.140625 0.681641 0.138672 0.679688 0.138672 0.675781 0.130859 0.666016 0.126953 0.664062
0 0.355469 0.769531 0.347656 0.773438 0.339844 0.781250 0.335938 0.789062 0.335938 0.796875 0.333984 0.798828 0.335938 0.800781 0.335938 0.808594 0.339844 0.816406 0.347656 0.824219 0.355469 0.828125 0.375000 0.828125 0.382812 0.824219 0.390625 0.816406 0.394531 0.808594 0.394531 0.789062 0.390625 0.781250 0.382812 0.773438 0.375000 0.769531
0 0.871094 0.791016 0.863281 0.794922 0.853516 0.806641 0.853516 0.814453 0.851562 0.816406 0.853516 0.818359 0.853516 0.826172 0.863281 0.837891 0.871094 0.841797 0.890625 0.841797 0.898438 0.837891 0.908203 0.826172 0.908203 0.806641 0.898438 0.794922 0.890625 0.791016
0 0.052734 0.816406 0.046875 0.820312 0.042969 0.826172 0.042969 0.832031 0.041016 0.833984 0.042969 0.835938 0.042969 0.841797 0.046875 0.847656 0.052734 0.851562 0.068359 0.851562 0.074219 0.847656 0.078125 0.841797 0.078125 0.826172 0.074219 0.820312 0.068359 0.816406
0 0.570312 0.822266 0.566406 0.824219 0.558594 0.833984 0.558594 0.839844 0.556641 0.841797 0.558594 0.843750 0.558594 0.849609 0.560547 0.853516 0.570312 0.861328 0.585938 0.861328 0.589844 0.859375 0.597656 0.849609 0.597656 0.833984 0.595703 0.830078 0.585938 0.822266
0 0.910156 0.941406 0.900391 0.951172 0.896484 0.958984 0.896484 0.966797 0.894531 0.968750 0.896484 0.970703 0.896484 0.978516 0.900391 0.986328 0.914062 0.998047 0.945312 0.998047 0.949219 0.996094 0.958984 0.986328 0.962891 0.978516 0.962891 0.958984 0.958984 0.951172 0.949219 0.941406 0.941406 0.937500 0.917969 0.937500
1 0.253906 0.226562 0.236328 0.232422 0.228516 0.240234 0.212891 0.244141 0.181641 0.283203 0.128906 0.324219 0.113281 0.357422 0.105469 0.394531 0.105469 0.412109 0.109375 0.417969 0.113281 0.445312 0.119141 0.455078 0.121094 0.472656 0.150391 0.525391 0.171875 0.537109 0.185547 0.552734 0.224609 0.576172 0.248047 0.585938 0.275391 0.591797 0.296875 0.582031 0.312500 0.556641 0.314453 0.531250 0.328125 0.480469 0.328125 0.457031 0.343750 0.408203 0.369141 0.376953 0.384766 0.369141 0.402344 0.349609 0.412109 0.343750 0.414062 0.333984 0.421875 0.328125 0.421875 0.308594 0.417969 0.306641 0.414062 0.292969 0.398438 0.275391 0.398438 0.269531 0.384766 0.257812 0.361328 0.250000 0.341797 0.238281 0.312500 0.230469
1 0.500000 0.335938 0.492188 0.347656 0.494141 0.375000 0.488281 0.394531 0.548828 0.455078 0.562500 0.457031 0.572266 0.466797 0.599609 0.472656 0.609375 0.480469 0.609375 0.503906 0.619141 0.511719 0.621094 0.519531 0.630859 0.531250 0.630859 0.541016 0.636719 0.552734 0.642578 0.554688 0.646484 0.562500 0.654297 0.566406 0.671875 0.566406 0.685547 0.560547 0.703125 0.535156 0.705078 0.515625 0.689453 0.498047 0.689453 0.492188 0.681641 0.480469 0.679688 0.466797 0.675781 0.462891 0.675781 0.427734 0.671875 0.417969 0.648438 0.384766 0.646484 0.371094 0.628906 0.337891 0.613281 0.328125 0.595703 0.326172 0.513672 0.328125
1 0.876953 0.332031 0.867188 0.353516 0.867188 0.373047 0.863281 0.380859 0.867188 0.490234 0.892578 0.503906 0.912109 0.509766 0.925781 0.509766 0.939453 0.515625 0.974609 0.513672 0.986328 0.507812 0.988281 0.482422 0.972656 0.443359 0.962891 0.431641 0.958984 0.416016 0.949219 0.404297 0.947266 0.388672 0.923828 0.353516 0.886719 0.332031
1 0.462891 0.417969 0.451172 0.433594 0.447266 0.451172 0.453125 0.488281 0.484375 0.517578 0.498047 0.519531 0.507812 0.525391 0.531250 0.519531 0.542969 0.507812 0.548828 0.494141 0.548828 0.478516 0.537109 0.455078 0.501953 0.417969 0.501953 0.421875 0.486328 0.416016
1 0.451172 0.480469 0.417969 0.476562 0.396484 0.484375 0.341797 0.486328 0.326172 0.494141 0.316406 0.531250 0.316406 0.570312 0.320312 0.585938 0.326172 0.591797 0.333984 0.611328 0.345703 0.625000 0.371094 0.636719 0.425781 0.638672 0.445312 0.626953 0.492188 0.572266 0.498047 0.525391 0.496094 0.521484 0.480469 0.517578 0.451172 0.488281
1 0.607422 0.482422 0.599609 0.474609 0.582031 0.472656 0.570312 0.464844 0.560547 0.466797 0.554688 0.472656 0.554688 0.494141 0.548828 0.509766 0.503906 0.537109 0.498047 0.550781 0.500000 0.564453 0.494141 0.576172 0.439453 0.632812 0.439453 0.640625 0.447266 0.640625 0.476562 0.652344 0.535156 0.652344 0.542969 0.648438 0.556641 0.648438 0.568359 0.638672 0.576172 0.642578 0.603516 0.642578 0.615234 0.628906 0.630859 0.630859 0.638672 0.626953 0.644531 0.617188 0.646484 0.572266 0.638672 0.560547 0.621094 0.548828 0.621094 0.539062 0.611328 0.527344 0.613281 0.509766 0.607422 0.503906
1 0.998047 0.541016 0.990234 0.531250 0.962891 0.517578 0.939453 0.517578 0.898438 0.505859 0.843750 0.501953 0.814453 0.517578 0.800781 0.542969 0.789062 0.554688 0.755859 0.562500 0.703125 0.560547 0.697266 0.562500 0.685547 0.576172 0.675781 0.574219 0.664062 0.580078 0.652344 0.601562 0.652344 0.611328 0.658203 0.619141 0.652344 0.628906 0.652344 0.646484 0.673828 0.679688 0.714844 0.708984 0.761719 0.728516 0.789062 0.728516 0.802734 0.724609 0.808594 0.718750 0.832031 0.712891 0.833984 0.708984 0.839844 0.708984 0.867188 0.693359 0.886719 0.669922 0.919922 0.664062 0.947266 0.654297 0.982422 0.625000 0.992188 0.613281 0.998047 0.593750
1 0.636719 0.640625 0.617188 0.634766 0.605469 0.640625 0.599609 0.652344 0.574219 0.648438 0.552734 0.652344 0.539062 0.660156 0.535156 0.681641 0.535156 0.744141 0.541016 0.779297 0.544922 0.783203 0.556641 0.785156 0.564453 0.777344 0.587891 0.769531 0.615234 0.744141 0.626953 0.738281 0.646484 0.710938 0.658203 0.710938 0.667969 0.705078 0.667969 0.681641
1 0.087891 0.658203 0.068359 0.695312 0.062500 0.720703 0.060547 0.757812 0.064453 0.767578 0.072266 0.773438 0.142578 0.771484 0.158203 0.779297 0.167969 0.789062 0.191406 0.794922 0.253906 0.798828 0.263672 0.802734 0.275391 0.802734 0.285156 0.796875 0.291016 0.785156 0.292969 0.767578 0.300781 0.755859 0.304688 0.738281 0.304688 0.710938 0.296875 0.679688 0.261719 0.650391 0.253906 0.628906 0.242188 0.626953 0.212891 0.607422 0.191406 0.599609 0.173828 0.597656 0.154297 0.601562 0.148438 0.613281 0.140625 0.617188 0.134766 0.615234 0.123047 0.636719
1 0.458984 0.664062 0.445312 0.658203 0.408203 0.658203 0.361328 0.666016 0.347656 0.685547 0.345703 0.707031 0.339844 0.718750 0.339844 0.736328 0.328125 0.759766 0.322266 0.794922 0.316406 0.796875 0.316406 0.806641 0.324219 0.814453 0.324219 0.822266 0.339844 0.830078 0.367188 0.830078 0.394531 0.820312 0.404297 0.812500 0.414062 0.812500 0.425781 0.806641 0.441406 0.791016 0.458984 0.753906 0.470703 0.708984 0.470703 0.685547
1 0.996094 0.638672 0.964844 0.640625 0.917969 0.675781 0.880859 0.695312 0.859375 0.734375 0.857422 0.744141 0.849609 0.753906 0.843750 0.753906 0.826172 0.769531 0.824219 0.800781 0.816406 0.816406 0.816406 0.867188 0.810547 0.875000 0.810547 0.908203 0.816406 0.919922 0.822266 0.921875 0.816406 0.917969 0.816406 0.910156 0.820312 0.906250 0.853516 0.896484 0.871094 0.896484 0.908203 0.863281 0.933594 0.849609 0.949219 0.845703 0.955078 0.794922 0.958984 0.789062 0.958984 0.769531 0.962891 0.765625 0.962891 0.744141 0.957031 0.740234 0.958984 0.734375 0.972656 0.720703 0.994141 0.712891 0.998047 0.707031
1 0.708984 0.734375 0.699219 0.726562 0.675781 0.718750 0.654297 0.716797 0.642578 0.722656 0.597656 0.769531 0.574219 0.785156 0.541016 0.800781 0.531250 0.818359 0.533203 0.837891 0.544922 0.859375 0.564453 0.871094 0.582031 0.867188 0.593750 0.873047 0.648438 0.863281 0.673828 0.863281 0.683594 0.853516 0.683594 0.847656 0.701172 0.830078 0.707031 0.812500 0.707031 0.789062 0.710938 0.779297
1 0.054688 0.771484 0.027344 0.818359 0.021484 0.845703 0.033203 0.884766 0.064453 0.929688 0.078125 0.929688 0.095703 0.939453 0.113281 0.943359 0.121094 0.941406 0.130859 0.929688 0.185547 0.929688 0.234375 0.943359 0.257812 0.958984 0.271484 0.960938 0.279297 0.970703 0.287109 0.968750 0.291016 0.958984 0.291016 0.941406 0.285156 0.904297 0.285156 0.832031 0.271484 0.812500 0.220703 0.810547 0.160156 0.794922 0.125000 0.779297 0.068359 0.783203 0.060547 0.777344 0.060547 0.771484
3 0.998047 0.847656 0.958984 0.847656 0.933594 0.853516 0.908203 0.867188 0.878906 0.896484 0.835938 0.904297 0.820312 0.910156 0.820312 0.916016 0.832031 0.921875 0.919922 0.921875 0.947266 0.906250 0.962891 0.890625 0.998047 0.876953
3 0.000000 0.845703 0.001953 0.898438 0.009766 0.906250 0.013672 0.927734 0.017578 0.933594 0.027344 0.935547 0.031250 0.947266 0.050781 0.970703 0.052734 0.990234 0.062500 0.998047 0.074219 0.998047 0.076172 0.968750 0.085938 0.958984 0.085938 0.943359 0.076172 0.933594 0.064453 0.937500 0.050781 0.916016 0.031250 0.898438 0.027344 0.884766
3 0.859375 0.707031 0.837891 0.716797 0.826172 0.730469 0.816406 0.732422 0.753906 0.730469 0.736328 0.718750 0.712891 0.716797 0.718750 0.751953 0.708984 0.791016 0.708984 0.839844 0.695312 0.857422 0.693359 0.869141 0.714844 0.873047 0.722656 0.880859 0.724609 0.894531 0.740234 0.925781 0.740234 0.951172 0.722656 0.992188 0.724609 0.998047 0.792969 0.998047 0.794922 0.982422 0.808594 0.955078 0.808594 0.931641 0.789062 0.888672 0.789062 0.843750 0.806641 0.804688 0.816406 0.767578 0.847656 0.738281 0.859375 0.718750
3 0.101562 0.363281 0.089844 0.373047 0.087891 0.384766 0.068359 0.406250 0.029297 0.427734 0.000000 0.429688 0.000000 0.570312 0.017578 0.564453 0.052734 0.564453 0.109375 0.572266 0.136719 0.587891 0.136719 0.613281 0.148438 0.609375 0.152344 0.597656 0.187500 0.593750 0.220703 0.603516 0.273438 0.632812 0.281250 0.652344 0.306641 0.679688 0.314453 0.720703 0.310547 0.763672 0.291016 0.816406 0.292969 0.888672 0.298828 0.912109 0.296875 0.966797 0.281250 0.982422 0.277344 0.998047 0.416016 0.996094 0.429688 0.982422 0.425781 0.970703 0.365234 0.951172 0.359375 0.935547 0.353516 0.933594 0.347656 0.906250 0.333984 0.878906 0.335938 0.833984 0.320312 0.824219 0.320312 0.814453 0.310547 0.804688 0.312500 0.794922 0.318359 0.792969 0.324219 0.744141 0.339844 0.707031 0.341797 0.687500 0.351562 0.669922 0.365234 0.658203 0.414062 0.652344 0.382812 0.648438 0.339844 0.632812 0.318359 0.603516 0.312500 0.583984 0.292969 0.599609 0.279297 0.599609 0.228516 0.585938 0.216797 0.574219 0.167969 0.552734 0.152344 0.535156 0.101562 0.449219 0.097656 0.437500
3 0.722656 0.000000 0.726562 0.019531 0.757812 0.070312 0.787109 0.093750 0.804688 0.123047 0.830078 0.193359 0.851562 0.216797 0.855469 0.228516 0.880859 0.240234 0.896484 0.242188 0.910156 0.253906 0.833984 0.234375 0.763672 0.271484 0.759766 0.291016 0.771484 0.298828 0.857422 0.304688 0.865234 0.314453 0.865234 0.326172 0.890625 0.326172 0.919922 0.337891 0.941406 0.353516 0.955078 0.373047 0.958984 0.355469 0.998047 0.324219 0.998047 0.287109 0.966797 0.279297 0.925781 0.259766 0.917969 0.234375 0.875000 0.179688 0.865234 0.146484 0.865234 0.072266 0.857422 0.050781 0.839844 0.023438 0.810547 0.000000
3 0.339844 0.000000 0.248047 0.000000 0.240234 0.117188 0.218750 0.160156 0.214844 0.187500 0.207031 0.195312 0.201172 0.222656 0.189453 0.242188 0.156250 0.271484 0.156250 0.287109 0.167969 0.287109 0.210938 0.240234 0.226562 0.236328 0.244141 0.218750 0.257812 0.222656 0.275391 0.214844 0.304688 0.226562 0.314453 0.226562 0.320312 0.220703 0.316406 0.210938 0.285156 0.199219 0.273438 0.189453 0.281250 0.177734 0.285156 0.154297 0.306641 0.103516 0.306641 0.085938 0.320312 0.054688 0.324219 0.021484
