0 0.835938 0.023438 0.828125 0.031250 0.828125 0.044922 0.835938 0.052734 0.849609 0.052734 0.857422 0.044922 0.857422 0.031250 0.849609 0.023438
0 0.912109 0.031250 0.908203 0.033203 0.896484 0.046875 0.896484 0.068359 0.908203 0.082031 0.912109 0.083984 0.927734 0.083984 0.931641 0.082031 0.943359 0.068359 0.943359 0.046875 0.931641 0.033203 0.927734 0.031250
0 0.417969 0.048828 0.414062 0.050781 0.406250 0.060547 0.406250 0.066406 0.404297 0.068359 0.406250 0.070312 0.406250 0.076172 0.408203 0.080078 0.417969 0.087891 0.431641 0.087891 0.435547 0.085938 0.443359 0.076172 0.443359 0.060547 0.441406 0.056641 0.431641 0.048828
0 0.626953 0.064453 0.615234 0.072266 0.609375 0.087891 0.611328 0.089844 0.611328 0.095703 0.619141 0.107422 0.626953 0.111328 0.642578 0.111328 0.654297 0.103516 0.658203 0.095703 0.658203 0.080078 0.650391 0.068359 0.642578 0.064453
0 0.830078 0.085938 0.830078 0.091797 0.828125 0.093750 0.830078 0.095703 0.830078 0.101562 0.841797 0.111328 0.859375 0.111328 0.871094 0.101562 0.871094 0.085938 0.859375 0.076172 0.841797 0.076172
0 0.082031 0.111328 0.080078 0.115234 0.080078 0.132812 0.091797 0.146484 0.099609 0.150391 0.123047 0.150391 0.130859 0.146484 0.142578 0.132812 0.142578 0.115234 0.140625 0.111328 0.130859 0.101562 0.123047 0.097656 0.099609 0.097656 0.091797 0.101562
0 0.302734 0.126953 0.292969 0.132812 0.287109 0.142578 0.287109 0.160156 0.292969 0.169922 0.302734 0.175781 0.320312 0.175781 0.330078 0.169922 0.335938 0.160156 0.335938 0.142578 0.330078 0.132812 0.320312 0.126953
0 0.892578 0.140625 0.886719 0.146484 0.886719 0.160156 0.892578 0.166016 0.906250 0.166016 0.912109 0.160156 0.912109 0.146484 0.906250 0.140625
0 0.771484 0.173828 0.763672 0.183594 0.763672 0.193359 0.761719 0.195312 0.763672 0.197266 0.763672 0.207031 0.771484 0.216797 0.779297 0.216797 0.787109 0.207031 0.787109 0.183594 0.779297 0.173828
0 0.169922 0.222656 0.173828 0.228516 0.195312 0.236328 0.238281 0.236328 0.240234 0.234375 0.251953 0.232422 0.261719 0.226562 0.261719 0.218750 0.259766 0.216797 0.238281 0.208984 0.195312 0.208984 0.173828 0.216797
0 0.447266 0.287109 0.439453 0.291016 0.431641 0.298828 0.429688 0.302734 0.429688 0.310547 0.427734 0.312500 0.429688 0.314453 0.429688 0.322266 0.439453 0.333984 0.447266 0.337891 0.464844 0.337891 0.472656 0.333984 0.480469 0.326172 0.482422 0.322266 0.482422 0.302734 0.472656 0.291016 0.464844 0.287109
0 0.544922 0.316406 0.539062 0.320312 0.535156 0.326172 0.535156 0.332031 0.533203 0.333984 0.535156 0.335938 0.535156 0.341797 0.539062 0.347656 0.544922 0.351562 0.560547 0.351562 0.566406 0.347656 0.570312 0.341797 0.570312 0.326172 0.566406 0.320312 0.560547 0.316406
0 0.658203 0.337891 0.648438 0.345703 0.644531 0.353516 0.644531 0.363281 0.642578 0.365234 0.644531 0.367188 0.644531 0.376953 0.648438 0.384766 0.654297 0.390625 0.658203 0.392578 0.671875 0.392578 0.681641 0.384766 0.685547 0.376953 0.685547 0.353516 0.681641 0.345703 0.675781 0.339844 0.671875 0.337891
0 0.912109 0.384766 0.900391 0.394531 0.896484 0.402344 0.896484 0.423828 0.900391 0.431641 0.908203 0.439453 0.912109 0.441406 0.927734 0.441406 0.939453 0.431641 0.943359 0.423828 0.943359 0.402344 0.939453 0.394531 0.931641 0.386719 0.927734 0.384766
0 0.541016 0.396484 0.537109 0.398438 0.529297 0.408203 0.529297 0.414062 0.527344 0.416016 0.529297 0.417969 0.529297 0.423828 0.531250 0.427734 0.541016 0.435547 0.554688 0.435547 0.558594 0.433594 0.566406 0.423828 0.566406 0.408203 0.564453 0.404297 0.554688 0.396484
0 0.853516 0.406250 0.845703 0.410156 0.835938 0.423828 0.835938 0.445312 0.845703 0.458984 0.853516 0.462891 0.871094 0.462891 0.878906 0.458984 0.888672 0.445312 0.888672 0.423828 0.878906 0.410156 0.871094 0.406250
0 0.691406 0.417969 0.685547 0.412109 0.675781 0.412109 0.673828 0.414062 0.666016 0.414062 0.664062 0.416016 0.654297 0.417969 0.644531 0.427734 0.642578 0.431641 0.642578 0.441406 0.640625 0.443359 0.634766 0.443359 0.628906 0.449219 0.628906 0.458984 0.630859 0.462891 0.634766 0.464844 0.646484 0.464844 0.650391 0.462891 0.658203 0.468750 0.673828 0.468750 0.677734 0.466797 0.689453 0.453125 0.689453 0.429688 0.691406 0.427734
0 0.824219 0.474609 0.820312 0.476562 0.810547 0.488281 0.810547 0.505859 0.812500 0.509766 0.824219 0.519531 0.843750 0.519531 0.847656 0.517578 0.857422 0.505859 0.857422 0.488281 0.855469 0.484375 0.843750 0.474609
0 0.931641 0.472656 0.923828 0.476562 0.917969 0.482422 0.914062 0.490234 0.914062 0.498047 0.912109 0.500000 0.914062 0.501953 0.914062 0.509766 0.917969 0.517578 0.923828 0.523438 0.931641 0.527344 0.949219 0.527344 0.957031 0.523438 0.962891 0.517578 0.966797 0.509766 0.966797 0.490234 0.962891 0.482422 0.957031 0.476562 0.949219 0.472656
0 0.589844 0.552734 0.585938 0.554688 0.576172 0.566406 0.576172 0.574219 0.574219 0.576172 0.576172 0.578125 0.576172 0.585938 0.585938 0.597656 0.589844 0.599609 0.603516 0.599609 0.607422 0.597656 0.617188 0.585938 0.617188 0.566406 0.607422 0.554688 0.603516 0.552734
0 0.910156 0.593750 0.906250 0.595703 0.900391 0.603516 0.900391 0.609375 0.898438 0.611328 0.900391 0.613281 0.900391 0.619141 0.902344 0.623047 0.910156 0.628906 0.921875 0.628906 0.925781 0.626953 0.931641 0.619141 0.931641 0.603516 0.929688 0.599609 0.921875 0.593750
0 0.640625 0.619141 0.634766 0.623047 0.628906 0.630859 0.628906 0.648438 0.632812 0.654297 0.640625 0.660156 0.658203 0.660156 0.664062 0.656250 0.669922 0.648438 0.669922 0.630859 0.666016 0.625000 0.658203 0.619141
0 0.830078 0.630859 0.826172 0.632812 0.822266 0.638672 0.822266 0.644531 0.820312 0.646484 0.822266 0.648438 0.822266 0.654297 0.824219 0.658203 0.830078 0.662109 0.839844 0.662109 0.843750 0.660156 0.847656 0.654297 0.847656 0.638672 0.845703 0.634766 0.839844 0.630859
0 0.402344 0.656250 0.402344 0.669922 0.408203 0.675781 0.416016 0.679688 0.439453 0.679688 0.447266 0.675781 0.453125 0.669922 0.453125 0.656250 0.447266 0.650391 0.439453 0.646484 0.416016 0.646484 0.408203 0.650391
0 0.908203 0.677734 0.894531 0.689453 0.890625 0.697266 0.890625 0.707031 0.888672 0.708984 0.890625 0.710938 0.890625 0.720703 0.894531 0.728516 0.904297 0.738281 0.908203 0.740234 0.927734 0.740234 0.941406 0.728516 0.945312 0.720703 0.945312 0.697266 0.941406 0.689453 0.931641 0.679688 0.927734 0.677734
0 0.859375 0.730469 0.849609 0.738281 0.845703 0.746094 0.845703 0.763672 0.849609 0.771484 0.855469 0.777344 0.859375 0.779297 0.875000 0.779297 0.884766 0.771484 0.888672 0.763672 0.888672 0.746094 0.884766 0.738281 0.878906 0.732422 0.875000 0.730469
0 0.679688 0.830078 0.673828 0.835938 0.673828 0.839844 0.671875 0.841797 0.673828 0.843750 0.673828 0.847656 0.679688 0.853516 0.695312 0.853516 0.701172 0.847656 0.701172 0.835938 0.695312 0.830078
0 0.492188 0.830078 0.484375 0.833984 0.474609 0.847656 0.474609 0.869141 0.484375 0.882812 0.492188 0.886719 0.509766 0.886719 0.517578 0.882812 0.527344 0.869141 0.527344 0.847656 0.517578 0.833984 0.509766 0.830078
0 0.574219 0.833984 0.560547 0.845703 0.560547 0.849609 0.558594 0.851562 0.558594 0.869141 0.560547 0.871094 0.560547 0.875000 0.570312 0.884766 0.574219 0.886719 0.591797 0.886719 0.605469 0.875000 0.605469 0.871094 0.607422 0.869141 0.607422 0.851562 0.605469 0.849609 0.605469 0.845703 0.595703 0.835938 0.591797 0.833984
0 0.697266 0.865234 0.693359 0.867188 0.687500 0.875000 0.687500 0.892578 0.691406 0.898438 0.697266 0.902344 0.710938 0.902344 0.714844 0.900391 0.720703 0.892578 0.720703 0.875000 0.716797 0.869141 0.710938 0.865234
0 0.763672 0.882812 0.759766 0.884766 0.750000 0.896484 0.750000 0.904297 0.748047 0.906250 0.750000 0.908203 0.750000 0.916016 0.751953 0.919922 0.763672 0.929688 0.781250 0.929688 0.785156 0.927734 0.794922 0.916016 0.794922 0.896484 0.792969 0.892578 0.781250 0.882812
0 0.000000 0.914062 0.000000 0.953125 0.009766 0.953125 0.017578 0.949219 0.023438 0.941406 0.023438 0.925781 0.017578 0.917969 0.009766 0.914062
0 0.476562 0.916016 0.466797 0.925781 0.466797 0.943359 0.476562 0.953125 0.492188 0.953125 0.501953 0.943359 0.501953 0.925781 0.492188 0.916016
0 0.123047 0.939453 0.119141 0.941406 0.109375 0.953125 0.109375 0.970703 0.119141 0.982422 0.123047 0.984375 0.136719 0.984375 0.140625 0.982422 0.150391 0.970703 0.150391 0.953125 0.140625 0.941406 0.136719 0.939453
0 0.541016 0.947266 0.533203 0.951172 0.527344 0.957031 0.525391 0.960938 0.525391 0.978516 0.533203 0.988281 0.541016 0.992188 0.558594 0.992188 0.566406 0.988281 0.572266 0.982422 0.574219 0.978516 0.574219 0.960938 0.566406 0.951172 0.558594 0.947266
0 0.931641 0.960938 0.923828 0.970703 0.923828 0.976562 0.921875 0.978516 0.923828 0.980469 0.923828 0.986328 0.931641 0.996094 0.943359 0.996094 0.951172 0.986328 0.951172 0.970703 0.943359 0.960938
1 0.328125 0.001953 0.328125 0.019531 0.320312 0.046875 0.339844 0.062500 0.345703 0.078125 0.359375 0.087891 0.380859 0.115234 0.410156 0.121094 0.423828 0.132812 0.449219 0.136719 0.451172 0.128906 0.458984 0.121094 0.501953 0.101562 0.515625 0.089844 0.519531 0.056641 0.513672 0.046875 0.445312 0.000000
2 0.730469 0.039062 0.703125 0.017578 0.685547 0.009766 0.654297 0.007812 0.640625 0.013672 0.613281 0.041016 0.583984 0.054688 0.572266 0.091797 0.572266 0.107422 0.578125 0.128906 0.595703 0.148438 0.609375 0.152344 0.632812 0.140625 0.656250 0.134766 0.677734 0.134766 0.691406 0.126953 0.724609 0.121094 0.738281 0.109375 0.734375 0.050781
1 0.007812 0.089844 0.017578 0.126953 0.021484 0.128906 0.023438 0.142578 0.031250 0.156250 0.062500 0.179688 0.115234 0.201172 0.126953 0.201172 0.146484 0.181641 0.156250 0.177734 0.169922 0.160156 0.212891 0.134766 0.212891 0.125000 0.208984 0.121094 0.203125 0.123047 0.181641 0.119141 0.134766 0.099609 0.089844 0.097656 0.085938 0.093750 0.060547 0.091797 0.027344 0.076172 0.011719 0.082031
1 0.291016 0.068359 0.283203 0.078125 0.277344 0.097656 0.255859 0.125000 0.255859 0.148438 0.269531 0.191406 0.279297 0.197266 0.287109 0.197266 0.289062 0.207031 0.296875 0.216797 0.308594 0.218750 0.318359 0.226562 0.363281 0.242188 0.371094 0.248047 0.376953 0.259766 0.392578 0.269531 0.429688 0.263672 0.462891 0.244141 0.476562 0.222656 0.478516 0.195312 0.484375 0.187500 0.490234 0.162109 0.488281 0.150391 0.460938 0.142578 0.417969 0.142578 0.404297 0.138672 0.386719 0.126953 0.375000 0.111328 0.357422 0.101562 0.339844 0.076172 0.322266 0.058594 0.314453 0.056641
1 0.533203 0.097656 0.503906 0.113281 0.492188 0.128906 0.496094 0.201172 0.482422 0.232422 0.480469 0.261719 0.486328 0.279297 0.509766 0.308594 0.523438 0.345703 0.539062 0.355469 0.562500 0.345703 0.582031 0.343750 0.587891 0.333984 0.587891 0.312500 0.583984 0.304688 0.582031 0.214844 0.564453 0.134766 0.550781 0.105469
1 0.484375 0.277344 0.458984 0.271484 0.427734 0.279297 0.388672 0.312500 0.375000 0.369141 0.376953 0.394531 0.386719 0.427734 0.490234 0.402344 0.511719 0.390625 0.523438 0.378906 0.531250 0.365234 0.531250 0.357422 0.519531 0.341797 0.509766 0.312500
1 0.736328 0.291016 0.716797 0.277344 0.716797 0.287109 0.707031 0.300781 0.697266 0.304688 0.660156 0.304688 0.642578 0.312500 0.632812 0.322266 0.619141 0.369141 0.597656 0.416016 0.597656 0.425781 0.603516 0.435547 0.626953 0.421875 0.638672 0.423828 0.660156 0.412109 0.669922 0.402344 0.687500 0.369141 0.701172 0.359375 0.707031 0.347656 0.722656 0.343750 0.738281 0.333984 0.746094 0.318359 0.746094 0.302734
1 0.863281 0.310547 0.853516 0.328125 0.853516 0.349609 0.900391 0.445312 0.914062 0.458984 0.935547 0.458984 0.949219 0.453125 0.966797 0.423828 0.966797 0.386719 0.939453 0.343750 0.912109 0.318359 0.896484 0.310547
1 0.589844 0.353516 0.570312 0.349609 0.539062 0.361328 0.527344 0.373047 0.515625 0.398438 0.500000 0.414062 0.466797 0.423828 0.445312 0.425781 0.396484 0.445312 0.386719 0.457031 0.380859 0.458984 0.371094 0.482422 0.371094 0.507812 0.384766 0.537109 0.406250 0.552734 0.429688 0.560547 0.482422 0.558594 0.519531 0.537109 0.541016 0.509766 0.548828 0.494141 0.552734 0.472656 0.587891 0.410156
1 0.708984 0.347656 0.707031 0.355469 0.693359 0.367188 0.675781 0.404297 0.638672 0.425781 0.621094 0.468750 0.607422 0.478516 0.603516 0.492188 0.613281 0.505859 0.623047 0.507812 0.636719 0.521484 0.652344 0.548828 0.671875 0.572266 0.708984 0.591797 0.736328 0.593750 0.753906 0.582031 0.765625 0.556641 0.769531 0.523438 0.757812 0.492188 0.773438 0.468750 0.773438 0.458984 0.761719 0.441406 0.757812 0.400391 0.734375 0.357422
1 0.601562 0.505859 0.589844 0.501953 0.574219 0.501953 0.566406 0.505859 0.531250 0.562500 0.523438 0.570312 0.511719 0.574219 0.511719 0.578125 0.500000 0.587891 0.482422 0.628906 0.468750 0.646484 0.472656 0.679688 0.480469 0.691406 0.496094 0.699219 0.515625 0.703125 0.535156 0.703125 0.552734 0.693359 0.570312 0.695312 0.615234 0.625000 0.646484 0.597656 0.652344 0.580078 0.650391 0.558594 0.630859 0.529297
1 0.248047 0.582031 0.242188 0.587891 0.242188 0.593750 0.250000 0.601562 0.259766 0.625000 0.259766 0.644531 0.269531 0.685547 0.267578 0.707031 0.275391 0.718750 0.292969 0.730469 0.326172 0.767578 0.339844 0.771484 0.373047 0.769531 0.380859 0.755859 0.406250 0.730469 0.437500 0.708984 0.451172 0.683594 0.460938 0.650391 0.460938 0.640625 0.449219 0.623047 0.443359 0.599609 0.425781 0.593750 0.359375 0.585938 0.300781 0.570312 0.271484 0.572266
1 0.664062 0.578125 0.652344 0.591797 0.646484 0.607422 0.617188 0.625000 0.617188 0.654297 0.603516 0.681641 0.605469 0.695312 0.617188 0.710938 0.697266 0.750000 0.740234 0.750000 0.751953 0.736328 0.761719 0.705078 0.763672 0.630859 0.755859 0.607422 0.746094 0.597656 0.701172 0.597656 0.679688 0.582031
1 0.800781 0.753906 0.794922 0.763672 0.794922 0.775391 0.810547 0.808594 0.837891 0.839844 0.855469 0.849609 0.908203 0.851562 0.921875 0.845703 0.925781 0.826172 0.929688 0.822266 0.927734 0.802734 0.910156 0.783203 0.888672 0.750000 0.882812 0.734375 0.867188 0.722656 0.857422 0.730469
1 0.548828 0.705078 0.541016 0.718750 0.548828 0.732422 0.554688 0.767578 0.564453 0.792969 0.564453 0.818359 0.548828 0.876953 0.548828 0.890625 0.552734 0.898438 0.578125 0.912109 0.599609 0.912109 0.621094 0.898438 0.628906 0.898438 0.656250 0.871094 0.671875 0.841797 0.673828 0.830078 0.681641 0.822266 0.687500 0.798828 0.687500 0.779297 0.681641 0.773438 0.677734 0.755859 0.667969 0.740234 0.603516 0.705078
1 0.433594 0.714844 0.417969 0.726562 0.404297 0.748047 0.394531 0.753906 0.375000 0.779297 0.339844 0.808594 0.332031 0.820312 0.330078 0.835938 0.343750 0.859375 0.349609 0.880859 0.408203 0.888672 0.423828 0.896484 0.441406 0.896484 0.468750 0.908203 0.490234 0.908203 0.500000 0.914062 0.515625 0.912109 0.525391 0.898438 0.537109 0.892578 0.546875 0.873047 0.554688 0.806641 0.546875 0.759766 0.531250 0.730469 0.509766 0.714844 0.484375 0.708984
2 0.753906 0.839844 0.722656 0.839844 0.683594 0.867188 0.666016 0.871094 0.648438 0.882812 0.648438 0.914062 0.666016 0.925781 0.695312 0.923828 0.703125 0.912109 0.720703 0.902344 0.736328 0.884766 0.742188 0.859375 0.753906 0.845703
1 0.009766 0.810547 0.000000 0.818359 0.000000 0.998047 0.052734 0.998047 0.064453 0.990234 0.072266 0.974609 0.072266 0.960938 0.083984 0.935547 0.085938 0.914062 0.107422 0.904297 0.109375 0.900391 0.142578 0.888672 0.152344 0.880859 0.154297 0.865234 0.140625 0.845703 0.097656 0.820312 0.058594 0.810547
1 0.312500 0.892578 0.308594 0.929688 0.316406 0.949219 0.339844 0.974609 0.369141 0.990234 0.384766 0.990234 0.402344 0.996094 0.427734 0.996094 0.437500 0.988281 0.447266 0.988281 0.486328 0.968750 0.501953 0.953125 0.505859 0.943359 0.505859 0.927734 0.500000 0.916016 0.490234 0.910156 0.468750 0.910156 0.423828 0.898438 0.408203 0.890625 0.394531 0.890625 0.390625 0.886719 0.320312 0.882812
1 0.250000 0.912109 0.242188 0.902344 0.195312 0.884766 0.175781 0.884766 0.140625 0.898438 0.119141 0.910156 0.095703 0.933594 0.072266 0.976562 0.070312 0.992188 0.064453 0.998047 0.214844 0.998047 0.224609 0.990234 0.228516 0.980469 0.248047 0.964844 0.251953 0.957031 0.253906 0.921875
1 0.455078 0.998047 0.634766 0.998047 0.652344 0.970703 0.658203 0.949219 0.658203 0.933594 0.650391 0.921875 0.626953 0.914062 0.558594 0.914062 0.529297 0.908203 0.523438 0.912109 0.517578 0.937500 0.505859 0.953125 0.468750 0.990234
3 0.263672 0.890625 0.255859 0.908203 0.269531 0.951172 0.277344 0.958984 0.292969 0.996094 0.300781 0.996094 0.310547 0.970703 0.310547 0.957031 0.304688 0.941406 0.298828 0.886719
3 0.982422 0.595703 0.974609 0.599609 0.974609 0.613281 0.980469 0.634766 0.984375 0.701172 0.966797 0.791016 0.955078 0.812500 0.935547 0.832031 0.927734 0.855469 0.917969 0.865234 0.904297 0.871094 0.875000 0.867188 0.861328 0.880859 0.861328 0.896484 0.890625 0.951172 0.900391 0.958984 0.921875 0.957031 0.927734 0.943359 0.937500 0.943359 0.937500 0.958984 0.955078 0.976562 0.957031 0.998047 0.988281 0.998047 0.990234 0.984375 0.998047 0.998047 0.998047 0.955078 0.992188 0.955078 0.982422 0.935547 0.966797 0.886719 0.986328 0.837891 0.988281 0.822266 0.998047 0.812500 0.998047 0.646484 0.992188 0.636719 0.994141 0.611328
3 0.583984 0.140625 0.572266 0.140625 0.570312 0.152344 0.583984 0.171875 0.582031 0.193359 0.589844 0.216797 0.587891 0.238281 0.591797 0.244141 0.585938 0.265625 0.591797 0.271484 0.597656 0.318359 0.591797 0.339844 0.595703 0.349609 0.593750 0.396484 0.585938 0.427734 0.574219 0.443359 0.566406 0.464844 0.566406 0.484375 0.556641 0.490234 0.546875 0.505859 0.546875 0.515625 0.539062 0.517578 0.513672 0.552734 0.460938 0.572266 0.425781 0.572266 0.384766 0.554688 0.373047 0.537109 0.361328 0.529297 0.332031 0.533203 0.294922 0.554688 0.296875 0.562500 0.437500 0.593750 0.453125 0.601562 0.462891 0.621094 0.484375 0.619141 0.486328 0.603516 0.501953 0.582031 0.509766 0.578125 0.546875 0.519531 0.599609 0.478516 0.623047 0.453125 0.634766 0.431641 0.628906 0.425781 0.601562 0.439453 0.593750 0.427734 0.593750 0.408203 0.599609 0.402344 0.601562 0.384766 0.609375 0.376953 0.607422 0.369141 0.617188 0.349609 0.615234 0.337891 0.621094 0.326172 0.652344 0.300781 0.648438 0.277344 0.636719 0.271484 0.611328 0.242188 0.605469 0.199219 0.599609 0.187500 0.605469 0.171875
3 0.000000 0.119141 0.000000 0.371094 0.007812 0.380859 0.023438 0.378906 0.033203 0.384766 0.056641 0.480469 0.052734 0.523438 0.041016 0.546875 0.025391 0.562500 0.029297 0.572266 0.044922 0.582031 0.050781 0.595703 0.058594 0.601562 0.062500 0.634766 0.072266 0.644531 0.085938 0.644531 0.099609 0.626953 0.099609 0.617188 0.117188 0.595703 0.160156 0.578125 0.175781 0.582031 0.197266 0.582031 0.197266 0.578125 0.187500 0.572266 0.181641 0.554688 0.173828 0.546875 0.156250 0.542969 0.134766 0.517578 0.115234 0.503906 0.089844 0.449219 0.058594 0.398438 0.031250 0.328125 0.011719 0.300781 0.009766 0.271484 0.023438 0.232422 0.039062 0.218750 0.080078 0.210938 0.095703 0.201172 0.082031 0.191406 0.029297 0.173828 0.021484 0.162109 0.015625 0.132812
3 0.486328 0.000000 0.501953 0.021484 0.521484 0.027344 0.535156 0.037109 0.550781 0.080078 0.564453 0.078125 0.574219 0.046875 0.587891 0.031250 0.652344 0.000000 0.707031 0.000000 0.718750 0.009766 0.726562 0.029297 0.740234 0.046875 0.742188 0.078125 0.755859 0.111328 0.773438 0.105469 0.796875 0.089844 0.808594 0.087891 0.818359 0.076172 0.818359 0.068359 0.791016 0.031250 0.783203 0.000000
