0 0.613281 0.046875 0.597656 0.046875 0.589844 0.054688 0.582031 0.058594 0.582031 0.062500 0.578125 0.068359 0.578125 0.082031 0.585938 0.093750 0.605469 0.095703 0.617188 0.089844 0.625000 0.082031 0.625000 0.058594
0 0.164062 0.072266 0.156250 0.078125 0.150391 0.091797 0.146484 0.095703 0.146484 0.105469 0.152344 0.115234 0.152344 0.119141 0.158203 0.125000 0.162109 0.125000 0.169922 0.128906 0.181641 0.128906 0.183594 0.126953 0.187500 0.126953 0.203125 0.111328 0.203125 0.089844 0.189453 0.074219 0.185547 0.074219 0.183594 0.072266
0 0.505859 0.072266 0.503906 0.074219 0.494141 0.076172 0.482422 0.087891 0.480469 0.087891 0.480469 0.091797 0.474609 0.101562 0.474609 0.113281 0.478516 0.119141 0.478516 0.123047 0.488281 0.132812 0.492188 0.132812 0.500000 0.136719 0.519531 0.136719 0.529297 0.132812 0.542969 0.119141 0.546875 0.111328 0.546875 0.093750 0.533203 0.078125 0.521484 0.072266
0 0.636719 0.082031 0.623047 0.095703 0.623047 0.099609 0.619141 0.105469 0.619141 0.119141 0.626953 0.132812 0.626953 0.136719 0.628906 0.136719 0.638672 0.146484 0.642578 0.146484 0.650391 0.150391 0.667969 0.150391 0.669922 0.148438 0.673828 0.148438 0.689453 0.130859 0.689453 0.105469 0.685547 0.097656 0.671875 0.083984 0.656250 0.078125 0.646484 0.078125 0.640625 0.082031
0 0.873047 0.078125 0.857422 0.085938 0.845703 0.101562 0.845703 0.105469 0.843750 0.107422 0.843750 0.130859 0.853516 0.148438 0.863281 0.156250 0.873047 0.160156 0.890625 0.160156 0.906250 0.152344 0.917969 0.136719 0.917969 0.132812 0.919922 0.130859 0.919922 0.107422 0.910156 0.089844 0.900391 0.082031 0.890625 0.078125
0 0.177734 0.132812 0.167969 0.138672 0.160156 0.150391 0.160156 0.158203 0.158203 0.160156 0.160156 0.162109 0.160156 0.169922 0.166016 0.179688 0.177734 0.187500 0.197266 0.187500 0.207031 0.181641 0.214844 0.169922 0.214844 0.150391 0.208984 0.140625 0.197266 0.132812
0 0.572266 0.138672 0.560547 0.150391 0.560547 0.154297 0.554688 0.164062 0.554688 0.187500 0.558594 0.195312 0.572266 0.205078 0.593750 0.205078 0.609375 0.191406 0.613281 0.183594 0.613281 0.154297 0.605469 0.142578 0.593750 0.136719
0 0.011719 0.208984 0.000000 0.216797 0.000000 0.269531 0.011719 0.277344 0.029297 0.277344 0.042969 0.269531 0.052734 0.253906 0.052734 0.232422 0.044922 0.218750 0.029297 0.208984
0 0.121094 0.261719 0.121094 0.273438 0.119141 0.275391 0.123047 0.281250 0.125000 0.291016 0.126953 0.291016 0.136719 0.300781 0.140625 0.300781 0.146484 0.304688 0.175781 0.304688 0.187500 0.298828 0.201172 0.283203 0.201172 0.259766 0.199219 0.255859 0.175781 0.238281 0.146484 0.238281 0.134766 0.244141 0.128906 0.253906
0 0.466797 0.296875 0.458984 0.300781 0.451172 0.310547 0.451172 0.328125 0.458984 0.337891 0.466797 0.341797 0.482422 0.341797 0.490234 0.337891 0.498047 0.328125 0.498047 0.310547 0.490234 0.300781 0.482422 0.296875
0 0.964844 0.365234 0.957031 0.371094 0.953125 0.378906 0.953125 0.400391 0.960938 0.412109 0.964844 0.414062 0.974609 0.414062 0.982422 0.408203 0.986328 0.400391 0.986328 0.378906 0.978516 0.367188 0.974609 0.365234
0 0.513672 0.394531 0.501953 0.400391 0.492188 0.410156 0.492188 0.416016 0.486328 0.429688 0.488281 0.431641 0.492188 0.447266 0.501953 0.457031 0.505859 0.457031 0.511719 0.460938 0.533203 0.460938 0.548828 0.453125 0.556641 0.443359 0.560547 0.435547 0.560547 0.417969 0.558594 0.416016 0.558594 0.412109 0.542969 0.396484 0.539062 0.394531
0 0.066406 0.394531 0.054688 0.406250 0.052734 0.406250 0.046875 0.417969 0.046875 0.435547 0.052734 0.447266 0.054688 0.447266 0.068359 0.460938 0.072266 0.460938 0.074219 0.462891 0.101562 0.462891 0.113281 0.457031 0.125000 0.439453 0.125000 0.419922 0.121094 0.412109 0.115234 0.406250 0.093750 0.392578 0.076172 0.392578 0.074219 0.394531
0 0.326172 0.500000 0.320312 0.507812 0.320312 0.515625 0.318359 0.517578 0.320312 0.519531 0.320312 0.527344 0.326172 0.535156 0.332031 0.535156 0.337891 0.527344 0.337891 0.507812 0.332031 0.500000
0 0.162109 0.574219 0.158203 0.576172 0.158203 0.578125 0.148438 0.587891 0.148438 0.605469 0.146484 0.607422 0.158203 0.625000 0.162109 0.625000 0.164062 0.626953 0.185547 0.626953 0.189453 0.625000 0.201172 0.611328 0.201172 0.591797 0.197266 0.583984 0.185547 0.574219
0 0.056641 0.716797 0.054688 0.722656 0.044922 0.734375 0.044922 0.748047 0.048828 0.753906 0.048828 0.757812 0.050781 0.757812 0.060547 0.767578 0.083984 0.767578 0.089844 0.763672 0.099609 0.751953 0.099609 0.732422 0.083984 0.714844 0.062500 0.714844 0.060547 0.716797
0 0.884766 0.826172 0.880859 0.833984 0.875000 0.839844 0.875000 0.857422 0.888672 0.871094 0.888672 0.873047 0.892578 0.873047 0.894531 0.875000 0.919922 0.875000 0.935547 0.857422 0.935547 0.839844 0.925781 0.828125 0.910156 0.822266 0.900391 0.822266 0.898438 0.824219
0 0.947266 0.849609 0.943359 0.853516 0.937500 0.855469 0.937500 0.857422 0.923828 0.871094 0.923828 0.894531 0.921875 0.896484 0.925781 0.900391 0.931641 0.914062 0.933594 0.914062 0.941406 0.921875 0.945312 0.921875 0.947266 0.923828 0.974609 0.923828 0.984375 0.917969 0.994141 0.908203 0.994141 0.869141 0.974609 0.851562 0.970703 0.851562 0.968750 0.849609
0 0.615234 0.906250 0.601562 0.914062 0.593750 0.927734 0.593750 0.935547 0.591797 0.937500 0.593750 0.939453 0.593750 0.947266 0.601562 0.960938 0.615234 0.968750 0.632812 0.968750 0.646484 0.960938 0.654297 0.947266 0.654297 0.927734 0.646484 0.914062 0.632812 0.906250
0 0.435547 0.914062 0.423828 0.919922 0.423828 0.921875 0.416016 0.929688 0.416016 0.937500 0.412109 0.947266 0.416016 0.953125 0.417969 0.962891 0.423828 0.968750 0.427734 0.968750 0.433594 0.972656 0.453125 0.972656 0.457031 0.970703 0.470703 0.955078 0.470703 0.933594 0.457031 0.917969 0.447266 0.914062
0 0.023438 0.966797 0.025391 0.968750 0.025391 0.984375 0.027344 0.984375 0.039062 0.996094 0.076172 0.996094 0.083984 0.988281 0.083984 0.972656 0.068359 0.958984 0.037109 0.957031 0.035156 0.958984 0.031250 0.958984
0 0.761719 0.992188 0.763672 0.994141 0.763672 0.998047 0.818359 0.998047 0.818359 0.982422 0.812500 0.972656 0.800781 0.964844 0.781250 0.964844 0.771484 0.970703 0.763672 0.982422 0.763672 0.990234
1 0.414062 0.000000 0.414062 0.007812 0.410156 0.009766 0.406250 0.021484 0.406250 0.031250 0.414062 0.044922 0.416016 0.058594 0.431641 0.074219 0.431641 0.080078 0.468750 0.117188 0.472656 0.126953 0.501953 0.148438 0.539062 0.148438 0.548828 0.144531 0.554688 0.138672 0.560547 0.121094 0.574219 0.107422 0.583984 0.103516 0.566406 0.072266 0.554688 0.062500 0.546875 0.042969 0.519531 0.023438 0.509766 0.000000
1 0.150391 0.009766 0.128906 0.031250 0.121094 0.054688 0.125000 0.072266 0.130859 0.078125 0.144531 0.082031 0.142578 0.111328 0.150391 0.123047 0.162109 0.128906 0.199219 0.128906 0.214844 0.140625 0.222656 0.154297 0.248047 0.154297 0.253906 0.148438 0.261719 0.148438 0.283203 0.121094 0.283203 0.076172 0.279297 0.052734 0.271484 0.041016 0.230469 0.013672 0.207031 0.005859 0.173828 0.003906 0.167969 0.009766
1 0.615234 0.103516 0.615234 0.121094 0.623047 0.132812 0.669922 0.158203 0.716797 0.191406 0.742188 0.191406 0.753906 0.185547 0.765625 0.169922 0.765625 0.125000 0.759766 0.115234 0.742188 0.101562 0.724609 0.099609 0.720703 0.093750 0.691406 0.083984 0.667969 0.082031 0.666016 0.078125 0.640625 0.074219 0.632812 0.082031 0.632812 0.087891
1 0.013672 0.062500 0.009766 0.076172 0.000000 0.083984 0.000000 0.166016 0.019531 0.177734 0.019531 0.185547 0.031250 0.199219 0.089844 0.226562 0.107422 0.230469 0.144531 0.228516 0.160156 0.224609 0.177734 0.203125 0.193359 0.195312 0.195312 0.189453 0.214844 0.171875 0.218750 0.160156 0.216797 0.150391 0.199219 0.130859 0.160156 0.132812 0.138672 0.121094 0.134766 0.111328 0.136719 0.083984 0.117188 0.068359 0.115234 0.060547 0.089844 0.056641 0.080078 0.046875 0.058594 0.041016 0.035156 0.048828
1 0.906250 0.074219 0.888672 0.072266 0.882812 0.066406 0.843750 0.064453 0.828125 0.074219 0.812500 0.076172 0.804688 0.082031 0.798828 0.097656 0.794922 0.099609 0.794922 0.107422 0.791016 0.109375 0.791016 0.136719 0.785156 0.144531 0.785156 0.160156 0.781250 0.162109 0.779297 0.173828 0.771484 0.183594 0.769531 0.201172 0.765625 0.203125 0.765625 0.210938 0.761719 0.214844 0.761719 0.250000 0.765625 0.255859 0.767578 0.277344 0.773438 0.283203 0.775391 0.300781 0.783203 0.310547 0.794922 0.316406 0.865234 0.316406 0.873047 0.314453 0.875000 0.310547 0.882812 0.310547 0.896484 0.298828 0.902344 0.279297 0.902344 0.216797 0.894531 0.191406 0.894531 0.179688 0.904297 0.156250 0.923828 0.142578 0.927734 0.125000 0.931641 0.123047 0.931641 0.097656 0.919922 0.082031
1 0.576172 0.119141 0.556641 0.152344 0.542969 0.162109 0.542969 0.167969 0.546875 0.171875 0.552734 0.195312 0.562500 0.208984 0.568359 0.210938 0.570312 0.220703 0.585938 0.234375 0.585938 0.242188 0.603516 0.251953 0.615234 0.263672 0.625000 0.267578 0.636719 0.281250 0.646484 0.283203 0.656250 0.292969 0.705078 0.294922 0.707031 0.291016 0.712891 0.291016 0.728516 0.281250 0.746094 0.257812 0.746094 0.251953 0.757812 0.234375 0.757812 0.218750 0.750000 0.208984 0.750000 0.203125 0.707031 0.197266 0.691406 0.185547 0.673828 0.179688 0.640625 0.150391 0.628906 0.146484 0.607422 0.123047 0.607422 0.119141 0.599609 0.117188 0.597656 0.113281 0.585938 0.113281
1 0.392578 0.156250 0.376953 0.199219 0.388672 0.220703 0.390625 0.238281 0.394531 0.242188 0.394531 0.253906 0.400391 0.261719 0.404297 0.283203 0.423828 0.302734 0.423828 0.308594 0.429688 0.312500 0.431641 0.320312 0.441406 0.330078 0.457031 0.335938 0.460938 0.341797 0.480469 0.341797 0.490234 0.335938 0.505859 0.335938 0.511719 0.330078 0.515625 0.289062 0.531250 0.265625 0.531250 0.234375 0.519531 0.214844 0.519531 0.207031 0.511719 0.193359 0.511719 0.185547 0.501953 0.171875 0.500000 0.160156 0.476562 0.142578 0.433594 0.142578 0.406250 0.148438 0.404297 0.152344
1 0.269531 0.162109 0.257812 0.160156 0.255859 0.156250 0.230469 0.160156 0.220703 0.173828 0.199219 0.191406 0.193359 0.205078 0.177734 0.220703 0.154297 0.238281 0.138672 0.238281 0.125000 0.251953 0.125000 0.257812 0.115234 0.271484 0.115234 0.292969 0.111328 0.294922 0.107422 0.308594 0.107422 0.333984 0.099609 0.341797 0.099609 0.359375 0.091797 0.369141 0.091797 0.380859 0.105469 0.392578 0.123047 0.396484 0.136719 0.414062 0.156250 0.414062 0.166016 0.406250 0.171875 0.390625 0.181641 0.382812 0.189453 0.369141 0.189453 0.361328 0.197266 0.351562 0.197266 0.341797 0.207031 0.316406 0.216797 0.306641 0.216797 0.300781 0.246094 0.273438 0.257812 0.246094 0.265625 0.240234 0.279297 0.218750 0.281250 0.175781
1 0.011719 0.199219 0.000000 0.207031 0.000000 0.382812 0.064453 0.382812 0.083984 0.367188 0.083984 0.355469 0.087891 0.353516 0.093750 0.326172 0.097656 0.324219 0.105469 0.296875 0.105469 0.265625 0.091797 0.250000 0.091797 0.244141 0.076172 0.228516 0.054688 0.218750 0.042969 0.208984 0.037109 0.208984 0.033203 0.203125
1 0.998047 0.302734 0.978516 0.302734 0.966797 0.318359 0.955078 0.318359 0.951172 0.324219 0.939453 0.326172 0.916016 0.341797 0.904297 0.341797 0.902344 0.345703 0.892578 0.345703 0.890625 0.349609 0.855469 0.351562 0.845703 0.359375 0.835938 0.359375 0.826172 0.369141 0.826172 0.376953 0.822266 0.380859 0.832031 0.406250 0.832031 0.421875 0.867188 0.451172 0.890625 0.451172 0.906250 0.457031 0.916016 0.457031 0.923828 0.449219 0.945312 0.443359 0.957031 0.435547 0.958984 0.427734 0.968750 0.425781 0.998047 0.400391
1 0.123047 0.402344 0.107422 0.396484 0.095703 0.386719 0.058594 0.386719 0.048828 0.392578 0.039062 0.392578 0.037109 0.396484 0.009766 0.396484 0.000000 0.392578 0.000000 0.519531 0.048828 0.525391 0.085938 0.525391 0.099609 0.517578 0.109375 0.503906 0.113281 0.478516 0.119141 0.472656 0.119141 0.464844 0.126953 0.449219 0.128906 0.427734 0.125000 0.423828
1 0.462891 0.347656 0.462891 0.355469 0.445312 0.373047 0.441406 0.382812 0.431641 0.392578 0.425781 0.392578 0.425781 0.476562 0.433594 0.480469 0.437500 0.492188 0.443359 0.568359 0.449219 0.578125 0.460938 0.585938 0.484375 0.585938 0.496094 0.578125 0.505859 0.578125 0.537109 0.562500 0.582031 0.521484 0.593750 0.503906 0.595703 0.494141 0.617188 0.468750 0.617188 0.451172 0.609375 0.437500 0.609375 0.419922 0.587891 0.394531 0.564453 0.386719 0.554688 0.378906 0.521484 0.369141 0.507812 0.361328 0.500000 0.353516 0.500000 0.347656
1 0.332031 0.443359 0.322266 0.453125 0.322266 0.460938 0.308594 0.480469 0.308594 0.494141 0.332031 0.539062 0.332031 0.546875 0.343750 0.572266 0.361328 0.587891 0.384766 0.591797 0.386719 0.595703 0.425781 0.593750 0.437500 0.582031 0.437500 0.523438 0.431641 0.496094 0.425781 0.490234 0.423828 0.470703 0.417969 0.462891 0.414062 0.439453 0.408203 0.433594 0.359375 0.435547 0.349609 0.437500 0.343750 0.443359
1 0.021484 0.650391 0.027344 0.662109 0.054688 0.675781 0.072266 0.679688 0.123047 0.681641 0.126953 0.677734 0.150391 0.671875 0.171875 0.671875 0.189453 0.664062 0.210938 0.640625 0.222656 0.640625 0.234375 0.626953 0.234375 0.601562 0.226562 0.601562 0.212891 0.587891 0.203125 0.587891 0.179688 0.572266 0.136719 0.566406 0.119141 0.554688 0.080078 0.554688 0.050781 0.576172 0.037109 0.595703 0.021484 0.630859
1 0.863281 0.660156 0.863281 0.666016 0.835938 0.693359 0.828125 0.712891 0.822266 0.718750 0.816406 0.718750 0.816406 0.804688 0.820312 0.804688 0.837891 0.824219 0.843750 0.826172 0.869141 0.851562 0.873047 0.861328 0.894531 0.876953 0.894531 0.882812 0.900391 0.882812 0.902344 0.878906 0.910156 0.878906 0.945312 0.853516 0.947266 0.845703 0.978516 0.845703 0.990234 0.818359 0.996094 0.814453 0.992188 0.810547 0.990234 0.777344 0.996094 0.767578 0.992188 0.765625 0.984375 0.732422 0.951172 0.710938 0.943359 0.695312 0.931641 0.683594 0.910156 0.673828 0.898438 0.673828 0.890625 0.666016 0.890625 0.660156
1 0.000000 0.718750 0.000000 0.802734 0.001953 0.800781 0.007812 0.806641 0.021484 0.806641 0.072266 0.857422 0.083984 0.863281 0.123047 0.873047 0.167969 0.873047 0.179688 0.869141 0.175781 0.861328 0.183594 0.857422 0.195312 0.841797 0.207031 0.808594 0.207031 0.761719 0.199219 0.738281 0.187500 0.728516 0.181641 0.710938 0.167969 0.695312 0.167969 0.683594 0.052734 0.683594 0.048828 0.693359 0.031250 0.699219 0.011719 0.720703
1 0.789062 0.791016 0.775391 0.777344 0.767578 0.777344 0.765625 0.773438 0.748047 0.765625 0.720703 0.763672 0.707031 0.767578 0.695312 0.781250 0.693359 0.791016 0.681641 0.804688 0.675781 0.820312 0.666016 0.828125 0.666016 0.835938 0.656250 0.849609 0.656250 0.857422 0.648438 0.865234 0.640625 0.888672 0.626953 0.902344 0.601562 0.906250 0.583984 0.929688 0.580078 0.947266 0.587891 0.964844 0.593750 0.970703 0.683594 0.980469 0.718750 0.958984 0.720703 0.953125 0.726562 0.951172 0.744141 0.929688 0.751953 0.908203 0.773438 0.892578 0.789062 0.873047 0.794922 0.806641
1 0.412109 0.736328 0.353516 0.810547 0.353516 0.818359 0.347656 0.820312 0.347656 0.953125 0.355469 0.953125 0.371094 0.968750 0.386719 0.974609 0.408203 0.996094 0.435547 0.996094 0.441406 0.990234 0.453125 0.990234 0.482422 0.962891 0.494141 0.943359 0.494141 0.919922 0.484375 0.910156 0.472656 0.875000 0.457031 0.857422 0.457031 0.843750 0.447266 0.810547 0.433594 0.791016 0.437500 0.751953 0.421875 0.736328
1 0.000000 0.919922 0.000000 0.962891 0.019531 0.998047 0.091797 0.998047 0.097656 0.988281 0.099609 0.966797 0.105469 0.960938 0.107422 0.949219 0.105469 0.923828 0.099609 0.912109 0.070312 0.892578 0.052734 0.892578
3 0.396484 0.730469 0.376953 0.734375 0.341797 0.751953 0.326172 0.767578 0.318359 0.769531 0.308594 0.787109 0.281250 0.814453 0.279297 0.824219 0.269531 0.833984 0.263672 0.833984 0.263672 0.845703 0.240234 0.869141 0.220703 0.882812 0.177734 0.890625 0.246094 0.906250 0.234375 0.916016 0.207031 0.923828 0.203125 0.931641 0.191406 0.935547 0.173828 0.953125 0.142578 0.957031 0.142578 0.964844 0.132812 0.976562 0.132812 0.986328 0.126953 0.988281 0.123047 0.998047 0.255859 0.998047 0.257812 0.972656 0.283203 0.949219 0.292969 0.949219 0.300781 0.941406 0.339844 0.939453 0.322266 0.923828 0.294922 0.921875 0.281250 0.906250 0.281250 0.869141 0.287109 0.867188 0.289062 0.847656 0.316406 0.804688 0.371094 0.777344 0.388672 0.759766
3 0.968750 0.298828 0.949219 0.300781 0.925781 0.310547 0.921875 0.316406 0.892578 0.318359 0.853516 0.333984 0.785156 0.337891 0.763672 0.316406 0.753906 0.287109 0.751953 0.263672 0.746094 0.265625 0.744141 0.275391 0.730469 0.291016 0.724609 0.320312 0.701172 0.355469 0.683594 0.361328 0.666016 0.376953 0.589844 0.378906 0.591797 0.384766 0.603516 0.388672 0.615234 0.400391 0.615234 0.406250 0.625000 0.412109 0.625000 0.419922 0.630859 0.425781 0.634766 0.464844 0.625000 0.496094 0.601562 0.519531 0.591797 0.523438 0.582031 0.541016 0.576172 0.542969 0.568359 0.564453 0.552734 0.576172 0.525391 0.587891 0.488281 0.589844 0.482422 0.595703 0.458984 0.599609 0.451172 0.607422 0.437500 0.611328 0.427734 0.628906 0.423828 0.656250 0.416016 0.662109 0.416016 0.716797 0.435547 0.695312 0.447266 0.693359 0.464844 0.671875 0.470703 0.671875 0.498047 0.652344 0.507812 0.652344 0.537109 0.636719 0.562500 0.632812 0.580078 0.623047 0.593750 0.623047 0.613281 0.607422 0.636719 0.607422 0.667969 0.621094 0.689453 0.623047 0.710938 0.636719 0.742188 0.667969 0.751953 0.693359 0.791016 0.724609 0.806641 0.755859 0.806641 0.775391 0.814453 0.718750 0.828125 0.671875 0.867188 0.642578 0.886719 0.638672 0.892578 0.632812 0.925781 0.628906 0.925781 0.617188 0.892578 0.619141 0.867188 0.628906 0.841797 0.628906 0.785156 0.615234 0.773438 0.603516 0.771484 0.587891 0.753906 0.564453 0.750000 0.515625 0.759766 0.496094 0.769531 0.488281 0.769531 0.482422 0.808594 0.447266 0.820312 0.427734 0.828125 0.427734 0.822266 0.412109 0.808594 0.396484 0.808594 0.386719 0.820312 0.365234 0.833984 0.355469 0.876953 0.345703 0.902344 0.332031 0.935547 0.326172
