0 0.060547 0.007812 0.052734 0.011719 0.046875 0.017578 0.042969 0.025391 0.042969 0.042969 0.046875 0.050781 0.052734 0.056641 0.060547 0.060547 0.076172 0.060547 0.083984 0.056641 0.089844 0.050781 0.093750 0.042969 0.093750 0.025391 0.089844 0.017578 0.083984 0.011719 0.076172 0.007812
0 0.802734 0.185547 0.791016 0.191406 0.781250 0.201172 0.775391 0.214844 0.775391 0.236328 0.781250 0.250000 0.796875 0.263672 0.800781 0.263672 0.802734 0.265625 0.820312 0.265625 0.832031 0.259766 0.841797 0.250000 0.847656 0.236328 0.847656 0.214844 0.841797 0.201172 0.826172 0.187500 0.822266 0.187500 0.820312 0.185547
0 0.458984 0.230469 0.455078 0.232422 0.445312 0.244141 0.445312 0.250000 0.443359 0.251953 0.445312 0.253906 0.445312 0.259766 0.455078 0.271484 0.458984 0.273438 0.472656 0.273438 0.476562 0.271484 0.486328 0.259766 0.486328 0.244141 0.476562 0.232422 0.472656 0.230469
0 0.871094 0.363281 0.867188 0.365234 0.857422 0.376953 0.857422 0.382812 0.855469 0.384766 0.857422 0.386719 0.857422 0.392578 0.859375 0.396484 0.871094 0.406250 0.888672 0.406250 0.892578 0.404297 0.902344 0.392578 0.902344 0.376953 0.900391 0.373047 0.888672 0.363281
0 0.615234 0.484375 0.607422 0.490234 0.601562 0.500000 0.601562 0.507812 0.599609 0.509766 0.601562 0.511719 0.601562 0.519531 0.609375 0.531250 0.615234 0.533203 0.619141 0.537109 0.636719 0.537109 0.638672 0.535156 0.642578 0.535156 0.650391 0.529297 0.658203 0.517578 0.658203 0.509766 0.660156 0.507812 0.658203 0.496094 0.648438 0.486328 0.638672 0.482422 0.621094 0.482422 0.619141 0.484375
0 0.648438 0.541016 0.640625 0.544922 0.634766 0.550781 0.630859 0.558594 0.630859 0.576172 0.634766 0.583984 0.640625 0.589844 0.648438 0.593750 0.664062 0.593750 0.671875 0.589844 0.677734 0.583984 0.681641 0.576172 0.681641 0.558594 0.677734 0.550781 0.671875 0.544922 0.664062 0.541016
0 0.337891 0.595703 0.333984 0.597656 0.324219 0.609375 0.324219 0.615234 0.322266 0.617188 0.324219 0.619141 0.324219 0.625000 0.326172 0.628906 0.337891 0.638672 0.355469 0.638672 0.359375 0.636719 0.369141 0.625000 0.369141 0.609375 0.367188 0.605469 0.355469 0.595703
0 0.234375 0.591797 0.222656 0.601562 0.218750 0.609375 0.218750 0.626953 0.222656 0.634766 0.230469 0.642578 0.234375 0.644531 0.250000 0.644531 0.261719 0.634766 0.265625 0.626953 0.265625 0.609375 0.261719 0.601562 0.253906 0.593750 0.250000 0.591797
0 0.583984 0.591797 0.582031 0.593750 0.578125 0.593750 0.570312 0.601562 0.566406 0.609375 0.566406 0.626953 0.570312 0.634766 0.578125 0.642578 0.582031 0.642578 0.583984 0.644531 0.597656 0.644531 0.599609 0.642578 0.603516 0.642578 0.611328 0.634766 0.615234 0.626953 0.615234 0.609375 0.611328 0.601562 0.603516 0.593750 0.599609 0.593750 0.597656 0.591797
0 0.880859 0.607422 0.873047 0.615234 0.869141 0.623047 0.869141 0.630859 0.867188 0.632812 0.869141 0.634766 0.869141 0.642578 0.873047 0.650391 0.880859 0.658203 0.894531 0.658203 0.902344 0.650391 0.906250 0.642578 0.906250 0.623047 0.902344 0.615234 0.894531 0.607422
0 0.402344 0.607422 0.394531 0.613281 0.388672 0.623047 0.388672 0.644531 0.394531 0.654297 0.402344 0.660156 0.416016 0.660156 0.423828 0.654297 0.429688 0.644531 0.429688 0.623047 0.423828 0.613281 0.416016 0.607422
0 0.628906 0.632812 0.623047 0.636719 0.615234 0.646484 0.615234 0.654297 0.613281 0.656250 0.615234 0.658203 0.615234 0.666016 0.619141 0.671875 0.628906 0.679688 0.644531 0.679688 0.650391 0.675781 0.658203 0.666016 0.658203 0.646484 0.654297 0.640625 0.644531 0.632812
0 0.500000 0.855469 0.507812 0.865234 0.511719 0.865234 0.513672 0.867188 0.535156 0.867188 0.537109 0.865234 0.541016 0.865234 0.546875 0.859375 0.546875 0.851562 0.541016 0.845703 0.537109 0.845703 0.535156 0.843750 0.513672 0.843750 0.511719 0.845703 0.507812 0.845703
0 0.330078 0.849609 0.326172 0.855469 0.326172 0.869141 0.332031 0.876953 0.339844 0.880859 0.355469 0.880859 0.363281 0.876953 0.369141 0.869141 0.369141 0.855469 0.363281 0.847656 0.355469 0.843750 0.339844 0.843750
0 0.912109 0.906250 0.908203 0.908203 0.900391 0.917969 0.900391 0.923828 0.898438 0.925781 0.900391 0.927734 0.900391 0.933594 0.902344 0.937500 0.912109 0.945312 0.925781 0.945312 0.929688 0.943359 0.937500 0.933594 0.937500 0.917969 0.933594 0.912109 0.925781 0.906250
0 0.232422 0.923828 0.222656 0.929688 0.218750 0.935547 0.218750 0.941406 0.216797 0.943359 0.218750 0.945312 0.218750 0.951172 0.222656 0.957031 0.232422 0.962891 0.248047 0.962891 0.257812 0.957031 0.261719 0.951172 0.261719 0.935547 0.257812 0.929688 0.248047 0.923828
0 0.123047 0.933594 0.111328 0.939453 0.105469 0.945312 0.097656 0.964844 0.099609 0.976562 0.105469 0.988281 0.111328 0.994141 0.119141 0.998047 0.144531 0.998047 0.152344 0.994141 0.160156 0.986328 0.164062 0.978516 0.164062 0.970703 0.166016 0.968750 0.164062 0.955078 0.160156 0.947266 0.152344 0.939453 0.132812 0.931641
1 0.216797 0.015625 0.207031 0.005859 0.175781 0.003906 0.173828 0.000000 0.017578 0.000000 0.000000 0.011719 0.000000 0.216797 0.025391 0.214844 0.027344 0.210938 0.060547 0.207031 0.072266 0.199219 0.083984 0.199219 0.101562 0.185547 0.119141 0.181641 0.130859 0.171875 0.132812 0.166016 0.140625 0.164062 0.146484 0.156250 0.152344 0.156250 0.167969 0.140625 0.183594 0.134766 0.185547 0.126953 0.199219 0.111328 0.199219 0.101562 0.208984 0.089844 0.208984 0.080078 0.212891 0.078125 0.218750 0.058594 0.224609 0.052734 0.224609 0.029297 0.216797 0.021484
1 0.894531 0.025391 0.890625 0.029297 0.859375 0.035156 0.847656 0.044922 0.818359 0.050781 0.806641 0.060547 0.785156 0.062500 0.769531 0.074219 0.763672 0.074219 0.746094 0.097656 0.736328 0.121094 0.736328 0.134766 0.740234 0.138672 0.740234 0.150391 0.751953 0.181641 0.753906 0.214844 0.761719 0.240234 0.769531 0.251953 0.773438 0.273438 0.781250 0.285156 0.796875 0.294922 0.804688 0.294922 0.839844 0.308594 0.847656 0.322266 0.863281 0.328125 0.865234 0.332031 0.921875 0.333984 0.931641 0.326172 0.941406 0.326172 0.960938 0.314453 0.972656 0.312500 0.986328 0.298828 0.998047 0.292969 0.998047 0.041016 0.988281 0.039062 0.986328 0.035156 0.923828 0.025391
1 0.351562 0.076172 0.343750 0.085938 0.339844 0.101562 0.335938 0.103516 0.335938 0.150391 0.345703 0.175781 0.347656 0.218750 0.359375 0.236328 0.380859 0.255859 0.384766 0.263672 0.390625 0.263672 0.408203 0.277344 0.464844 0.277344 0.482422 0.271484 0.490234 0.261719 0.494141 0.232422 0.492188 0.203125 0.496094 0.193359 0.492188 0.148438 0.484375 0.128906 0.478516 0.126953 0.451172 0.095703 0.443359 0.093750 0.431641 0.082031 0.414062 0.076172 0.410156 0.070312 0.396484 0.070312 0.390625 0.064453 0.376953 0.062500
2 0.998047 0.308594 0.978516 0.312500 0.976562 0.316406 0.958984 0.318359 0.955078 0.324219 0.947266 0.326172 0.937500 0.335938 0.929688 0.335938 0.927734 0.339844 0.871094 0.339844 0.853516 0.332031 0.845703 0.332031 0.843750 0.335938 0.835938 0.337891 0.830078 0.349609 0.816406 0.357422 0.822266 0.376953 0.833984 0.394531 0.833984 0.408203 0.855469 0.431641 0.878906 0.437500 0.884766 0.429688 0.914062 0.425781 0.916016 0.421875 0.923828 0.421875 0.927734 0.417969 0.960938 0.414062 0.976562 0.400391 0.996094 0.394531
1 0.546875 0.292969 0.544922 0.296875 0.531250 0.300781 0.525391 0.310547 0.527344 0.333984 0.539062 0.357422 0.539062 0.392578 0.556641 0.416016 0.558594 0.425781 0.568359 0.435547 0.572266 0.451172 0.605469 0.505859 0.609375 0.535156 0.617188 0.542969 0.628906 0.542969 0.664062 0.517578 0.664062 0.501953 0.681641 0.484375 0.685547 0.460938 0.705078 0.458984 0.707031 0.455078 0.742188 0.455078 0.751953 0.441406 0.753906 0.427734 0.751953 0.384766 0.734375 0.347656 0.712891 0.326172 0.701172 0.324219 0.699219 0.320312 0.652344 0.320312 0.626953 0.306641 0.605469 0.304688 0.603516 0.300781 0.589844 0.298828 0.587891 0.294922
1 0.279297 0.421875 0.277344 0.429688 0.267578 0.437500 0.267578 0.443359 0.253906 0.455078 0.255859 0.462891 0.302734 0.468750 0.304688 0.472656 0.324219 0.476562 0.345703 0.505859 0.351562 0.523438 0.347656 0.583984 0.341797 0.591797 0.335938 0.591797 0.328125 0.599609 0.328125 0.605469 0.320312 0.615234 0.320312 0.626953 0.330078 0.634766 0.332031 0.642578 0.357422 0.642578 0.361328 0.636719 0.371094 0.636719 0.369141 0.625000 0.376953 0.619141 0.380859 0.599609 0.394531 0.595703 0.396484 0.591797 0.414062 0.591797 0.439453 0.599609 0.455078 0.609375 0.472656 0.630859 0.480469 0.636719 0.498047 0.640625 0.500000 0.646484 0.523438 0.646484 0.535156 0.636719 0.533203 0.615234 0.521484 0.589844 0.513672 0.582031 0.513672 0.574219 0.503906 0.556641 0.500000 0.531250 0.492188 0.523438 0.490234 0.509766 0.480469 0.498047 0.480469 0.490234 0.472656 0.486328 0.470703 0.466797 0.460938 0.447266 0.458984 0.427734 0.447266 0.414062 0.441406 0.414062 0.435547 0.406250 0.419922 0.400391 0.396484 0.382812 0.384766 0.382812 0.378906 0.376953 0.361328 0.376953 0.357422 0.380859 0.347656 0.380859 0.345703 0.384766 0.330078 0.386719
1 0.515625 0.457031 0.509766 0.464844 0.507812 0.496094 0.503906 0.498047 0.503906 0.521484 0.507812 0.525391 0.507812 0.542969 0.513672 0.550781 0.517578 0.570312 0.523438 0.576172 0.523438 0.589844 0.529297 0.593750 0.529297 0.599609 0.533203 0.599609 0.560547 0.625000 0.562500 0.634766 0.574219 0.648438 0.593750 0.648438 0.617188 0.630859 0.617188 0.580078 0.607422 0.556641 0.601562 0.519531 0.595703 0.515625 0.595703 0.507812 0.589844 0.501953 0.585938 0.486328 0.574219 0.474609 0.554688 0.466797 0.544922 0.457031
1 0.750000 0.466797 0.710938 0.466797 0.687500 0.476562 0.669922 0.523438 0.662109 0.531250 0.656250 0.531250 0.648438 0.541016 0.634766 0.542969 0.623047 0.562500 0.623047 0.582031 0.630859 0.589844 0.630859 0.595703 0.667969 0.609375 0.701172 0.638672 0.728516 0.638672 0.744141 0.628906 0.763672 0.626953 0.785156 0.607422 0.789062 0.595703 0.787109 0.507812 0.783203 0.503906 0.781250 0.484375
1 0.337891 0.505859 0.322266 0.490234 0.294922 0.474609 0.255859 0.472656 0.248047 0.474609 0.246094 0.478516 0.238281 0.478516 0.236328 0.484375 0.230469 0.484375 0.224609 0.490234 0.214844 0.490234 0.207031 0.498047 0.205078 0.511719 0.193359 0.523438 0.187500 0.523438 0.177734 0.531250 0.175781 0.542969 0.167969 0.552734 0.164062 0.580078 0.148438 0.597656 0.144531 0.646484 0.189453 0.658203 0.189453 0.654297 0.197266 0.648438 0.214844 0.644531 0.216797 0.640625 0.267578 0.640625 0.283203 0.630859 0.294922 0.630859 0.314453 0.609375 0.318359 0.609375 0.328125 0.591797 0.343750 0.574219 0.345703 0.537109 0.341797 0.533203 0.341797 0.515625
1 0.894531 0.513672 0.876953 0.519531 0.861328 0.535156 0.828125 0.539062 0.806641 0.628906 0.800781 0.636719 0.800781 0.646484 0.810547 0.660156 0.814453 0.685547 0.820312 0.691406 0.826172 0.771484 0.835938 0.791016 0.873047 0.802734 0.919922 0.802734 0.927734 0.800781 0.943359 0.785156 0.943359 0.779297 0.955078 0.765625 0.955078 0.757812 0.972656 0.732422 0.972656 0.724609 0.998047 0.699219 0.998047 0.582031 0.980469 0.544922 0.970703 0.537109 0.943359 0.529297 0.941406 0.525391 0.935547 0.525391 0.929688 0.519531 0.919922 0.519531 0.914062 0.513672
1 0.630859 0.603516 0.625000 0.607422 0.625000 0.613281 0.619141 0.619141 0.619141 0.630859 0.609375 0.642578 0.607422 0.669922 0.625000 0.685547 0.628906 0.703125 0.640625 0.718750 0.646484 0.718750 0.662109 0.732422 0.703125 0.732422 0.734375 0.703125 0.736328 0.669922 0.730469 0.656250 0.718750 0.648438 0.697266 0.644531 0.671875 0.623047 0.660156 0.619141 0.646484 0.607422
1 0.306641 0.630859 0.298828 0.642578 0.298828 0.673828 0.294922 0.675781 0.300781 0.748047 0.306641 0.751953 0.308594 0.769531 0.326172 0.800781 0.392578 0.822266 0.431641 0.822266 0.435547 0.816406 0.449219 0.810547 0.460938 0.792969 0.460938 0.785156 0.464844 0.783203 0.472656 0.705078 0.476562 0.701172 0.476562 0.693359 0.480469 0.691406 0.480469 0.683594 0.488281 0.675781 0.488281 0.652344 0.482422 0.638672 0.470703 0.630859 0.457031 0.628906 0.417969 0.597656 0.390625 0.597656 0.382812 0.601562 0.380859 0.625000 0.371094 0.638672 0.361328 0.638672 0.357422 0.644531 0.332031 0.644531 0.322266 0.632812
1 0.445312 0.835938 0.445312 0.839844 0.472656 0.853516 0.476562 0.859375 0.494141 0.859375 0.503906 0.871094 0.529297 0.873047 0.544922 0.871094 0.566406 0.853516 0.601562 0.853516 0.603516 0.849609 0.609375 0.849609 0.615234 0.841797 0.615234 0.816406 0.607422 0.802734 0.582031 0.789062 0.558594 0.783203 0.515625 0.785156 0.513672 0.789062 0.496094 0.789062 0.482422 0.800781 0.472656 0.802734 0.453125 0.820312 0.453125 0.826172
1 0.289062 0.835938 0.289062 0.845703 0.294922 0.851562 0.294922 0.865234 0.308594 0.876953 0.328125 0.884766 0.339844 0.902344 0.365234 0.917969 0.394531 0.917969 0.398438 0.914062 0.406250 0.914062 0.414062 0.906250 0.416016 0.898438 0.425781 0.892578 0.429688 0.880859 0.429688 0.849609 0.412109 0.833984 0.365234 0.832031 0.363281 0.828125 0.349609 0.828125 0.345703 0.822266 0.330078 0.816406 0.310547 0.816406
1 0.173828 0.955078 0.185547 0.998047 0.357422 0.998047 0.349609 0.972656 0.328125 0.957031 0.320312 0.939453 0.292969 0.917969 0.261719 0.902344 0.238281 0.902344 0.230469 0.906250 0.228516 0.912109 0.214844 0.916016 0.205078 0.925781 0.197266 0.927734
3 0.794922 0.597656 0.761719 0.634766 0.751953 0.636719 0.736328 0.708984 0.703125 0.736328 0.654297 0.736328 0.646484 0.732422 0.646484 0.767578 0.632812 0.781250 0.621094 0.783203 0.611328 0.791016 0.619141 0.800781 0.619141 0.814453 0.625000 0.820312 0.625000 0.837891 0.632812 0.851562 0.632812 0.863281 0.640625 0.871094 0.640625 0.880859 0.652344 0.904297 0.652344 0.955078 0.660156 0.994141 0.736328 0.994141 0.744141 0.988281 0.750000 0.970703 0.779297 0.947266 0.814453 0.935547 0.830078 0.935547 0.833984 0.882812 0.847656 0.863281 0.867188 0.847656 0.890625 0.843750 0.896484 0.837891 0.984375 0.837891 0.994141 0.832031 0.992188 0.826172 0.966797 0.810547 0.933594 0.816406 0.898438 0.816406 0.875000 0.810547 0.871094 0.804688 0.845703 0.802734 0.824219 0.789062 0.812500 0.757812 0.812500 0.726562 0.796875 0.693359
3 0.671875 0.009766 0.636719 0.019531 0.626953 0.035156 0.591797 0.058594 0.589844 0.066406 0.537109 0.130859 0.500000 0.208984 0.501953 0.236328 0.494141 0.269531 0.484375 0.281250 0.406250 0.283203 0.357422 0.248047 0.349609 0.224609 0.335938 0.208984 0.324219 0.205078 0.314453 0.214844 0.316406 0.230469 0.339844 0.259766 0.349609 0.300781 0.347656 0.349609 0.333984 0.365234 0.332031 0.382812 0.343750 0.371094 0.359375 0.371094 0.369141 0.365234 0.412109 0.371094 0.431641 0.394531 0.460938 0.416016 0.472656 0.437500 0.472656 0.451172 0.478516 0.457031 0.478516 0.468750 0.490234 0.496094 0.503906 0.494141 0.515625 0.443359 0.560547 0.453125 0.560547 0.437500 0.552734 0.421875 0.539062 0.414062 0.527344 0.392578 0.525391 0.351562 0.515625 0.333984 0.517578 0.304688 0.527344 0.279297 0.531250 0.232422 0.554688 0.205078 0.556641 0.195312 0.568359 0.183594 0.574219 0.166016 0.582031 0.160156 0.601562 0.125000 0.630859 0.095703 0.660156 0.048828 0.673828 0.037109 0.677734 0.015625
3 0.322266 0.000000 0.259766 0.000000 0.259766 0.007812 0.236328 0.048828 0.236328 0.060547 0.214844 0.103516 0.207031 0.109375 0.207031 0.117188 0.179688 0.152344 0.119141 0.187500 0.144531 0.179688 0.177734 0.179688 0.275391 0.205078 0.314453 0.203125 0.330078 0.195312 0.330078 0.154297 0.310547 0.125000 0.310547 0.093750 0.326172 0.060547 0.326172 0.011719
