0 0.449219 0.105469 0.449219 0.111328 0.447266 0.113281 0.449219 0.115234 0.449219 0.121094 0.455078 0.128906 0.464844 0.134766 0.486328 0.134766 0.496094 0.128906 0.501953 0.121094 0.501953 0.105469 0.496094 0.097656 0.486328 0.091797 0.464844 0.091797 0.455078 0.097656
0 0.812500 0.177734 0.804688 0.183594 0.798828 0.193359 0.798828 0.201172 0.796875 0.203125 0.798828 0.205078 0.798828 0.212891 0.804688 0.222656 0.812500 0.228516 0.828125 0.228516 0.835938 0.222656 0.841797 0.212891 0.841797 0.193359 0.835938 0.183594 0.828125 0.177734
0 0.556641 0.177734 0.546875 0.187500 0.546875 0.193359 0.544922 0.195312 0.544922 0.201172 0.541016 0.210938 0.544922 0.218750 0.544922 0.224609 0.558594 0.236328 0.580078 0.236328 0.595703 0.218750 0.595703 0.197266 0.583984 0.179688 0.580078 0.179688 0.572266 0.175781 0.562500 0.175781 0.560547 0.177734
0 0.093750 0.244141 0.074219 0.263672 0.074219 0.287109 0.085938 0.298828 0.085938 0.300781 0.089844 0.302734 0.115234 0.302734 0.130859 0.285156 0.130859 0.263672 0.121094 0.250000 0.109375 0.244141
0 0.269531 0.390625 0.257812 0.406250 0.257812 0.421875 0.267578 0.437500 0.271484 0.437500 0.277344 0.441406 0.300781 0.441406 0.302734 0.439453 0.306641 0.439453 0.322266 0.423828 0.324219 0.419922 0.324219 0.404297 0.310547 0.388672 0.302734 0.384766 0.283203 0.384766 0.273438 0.390625
0 0.216797 0.400391 0.208984 0.408203 0.201172 0.412109 0.201172 0.416016 0.195312 0.425781 0.195312 0.443359 0.203125 0.457031 0.203125 0.460938 0.205078 0.460938 0.214844 0.470703 0.240234 0.472656 0.255859 0.458984 0.259766 0.451172 0.259766 0.429688 0.253906 0.416016 0.244141 0.406250 0.232422 0.400391
0 0.994141 0.462891 0.978516 0.462891 0.972656 0.466797 0.968750 0.474609 0.958984 0.482422 0.955078 0.490234 0.955078 0.501953 0.962891 0.513672 0.966797 0.515625 0.982422 0.515625 0.984375 0.513672 0.994141 0.513672 0.998047 0.509766 0.998047 0.466797
0 0.525391 0.517578 0.513672 0.527344 0.511719 0.531250 0.511719 0.544922 0.513672 0.548828 0.525391 0.558594 0.544922 0.558594 0.556641 0.548828 0.558594 0.544922 0.558594 0.531250 0.556641 0.527344 0.544922 0.517578
0 0.687500 0.595703 0.677734 0.605469 0.675781 0.605469 0.675781 0.615234 0.671875 0.625000 0.679688 0.640625 0.683594 0.642578 0.701172 0.642578 0.712891 0.628906 0.712891 0.609375 0.703125 0.595703
0 0.597656 0.623047 0.587891 0.630859 0.589844 0.632812 0.589844 0.646484 0.597656 0.654297 0.609375 0.654297 0.617188 0.644531 0.617188 0.632812 0.609375 0.623047
0 0.701172 0.660156 0.695312 0.671875 0.699219 0.681641 0.705078 0.685547 0.716797 0.685547 0.720703 0.683594 0.724609 0.677734 0.724609 0.666016 0.722656 0.662109 0.716797 0.658203 0.705078 0.658203
0 0.375000 0.650391 0.363281 0.662109 0.363281 0.689453 0.371094 0.697266 0.376953 0.707031 0.380859 0.708984 0.402344 0.708984 0.414062 0.695312 0.414062 0.673828 0.412109 0.671875 0.412109 0.667969 0.394531 0.650391
0 0.652344 0.738281 0.636719 0.753906 0.636719 0.775391 0.648438 0.787109 0.648438 0.789062 0.669922 0.789062 0.683594 0.777344 0.683594 0.771484 0.685547 0.769531 0.685547 0.755859 0.667969 0.738281
0 0.142578 0.753906 0.134766 0.761719 0.125000 0.767578 0.125000 0.779297 0.123047 0.781250 0.123047 0.789062 0.121094 0.791016 0.123047 0.792969 0.125000 0.802734 0.136719 0.814453 0.136719 0.816406 0.140625 0.816406 0.142578 0.818359 0.164062 0.818359 0.173828 0.810547 0.179688 0.800781 0.179688 0.777344 0.175781 0.769531 0.164062 0.757812 0.156250 0.753906
0 0.496094 0.785156 0.480469 0.800781 0.480469 0.806641 0.476562 0.812500 0.476562 0.826172 0.482422 0.835938 0.482422 0.839844 0.488281 0.841797 0.496094 0.847656 0.515625 0.845703 0.531250 0.828125 0.531250 0.796875 0.519531 0.785156
0 0.191406 0.796875 0.179688 0.802734 0.175781 0.808594 0.175781 0.833984 0.173828 0.835938 0.181641 0.845703 0.183594 0.851562 0.189453 0.855469 0.207031 0.855469 0.212891 0.851562 0.222656 0.839844 0.222656 0.816406 0.216797 0.806641 0.208984 0.798828 0.205078 0.796875
0 0.074219 0.828125 0.072266 0.830078 0.068359 0.830078 0.056641 0.841797 0.056641 0.861328 0.054688 0.863281 0.066406 0.875000 0.066406 0.876953 0.085938 0.876953 0.093750 0.873047 0.099609 0.867188 0.103516 0.859375 0.103516 0.841797 0.095703 0.832031 0.087891 0.828125
0 0.541016 0.861328 0.535156 0.869141 0.535156 0.873047 0.533203 0.875000 0.535156 0.876953 0.535156 0.890625 0.537109 0.894531 0.542969 0.900391 0.550781 0.904297 0.566406 0.904297 0.568359 0.902344 0.572266 0.902344 0.582031 0.890625 0.582031 0.876953 0.574219 0.865234 0.568359 0.859375 0.558594 0.855469 0.552734 0.855469
0 0.843750 0.855469 0.830078 0.869141 0.828125 0.869141 0.824219 0.876953 0.824219 0.896484 0.832031 0.904297 0.837891 0.914062 0.863281 0.916016 0.880859 0.904297 0.884766 0.896484 0.884766 0.875000 0.876953 0.863281 0.865234 0.855469
0 0.173828 0.896484 0.162109 0.908203 0.162109 0.912109 0.158203 0.917969 0.158203 0.931641 0.162109 0.937500 0.162109 0.941406 0.173828 0.953125 0.177734 0.953125 0.179688 0.955078 0.199219 0.955078 0.207031 0.951172 0.218750 0.937500 0.218750 0.914062 0.207031 0.898438 0.201172 0.898438 0.191406 0.894531 0.179688 0.894531 0.177734 0.896484
0 0.029297 0.941406 0.025391 0.945312 0.019531 0.947266 0.013672 0.955078 0.013672 0.978516 0.011719 0.980469 0.015625 0.988281 0.017578 0.988281 0.025391 0.996094 0.050781 0.996094 0.064453 0.982422 0.064453 0.962891 0.058594 0.951172 0.054688 0.947266 0.042969 0.941406
1 0.197266 0.000000 0.083984 0.000000 0.070312 0.011719 0.070312 0.015625 0.033203 0.054688 0.033203 0.058594 0.019531 0.068359 0.017578 0.074219 0.013672 0.074219 0.013672 0.080078 0.001953 0.091797 0.000000 0.169922 0.009766 0.171875 0.019531 0.179688 0.037109 0.179688 0.041016 0.183594 0.044922 0.199219 0.052734 0.208984 0.054688 0.228516 0.058594 0.232422 0.060547 0.283203 0.070312 0.320312 0.074219 0.322266 0.130859 0.322266 0.132812 0.312500 0.181641 0.292969 0.195312 0.279297 0.199219 0.279297 0.201172 0.273438 0.208984 0.273438 0.226562 0.261719 0.242188 0.244141 0.242188 0.236328 0.248047 0.234375 0.269531 0.208984 0.269531 0.183594 0.273438 0.179688 0.275391 0.076172 0.265625 0.060547 0.238281 0.044922 0.236328 0.039062 0.232422 0.039062 0.224609 0.029297 0.220703 0.019531 0.210938 0.013672 0.210938 0.007812
1 0.626953 0.015625 0.609375 0.009766 0.607422 0.005859 0.576172 0.005859 0.574219 0.001953 0.568359 0.005859 0.556641 0.005859 0.550781 0.011719 0.537109 0.011719 0.529297 0.017578 0.521484 0.033203 0.513672 0.037109 0.513672 0.042969 0.490234 0.058594 0.472656 0.074219 0.455078 0.080078 0.441406 0.093750 0.431641 0.095703 0.419922 0.105469 0.414062 0.105469 0.402344 0.117188 0.388672 0.123047 0.384766 0.140625 0.376953 0.152344 0.371094 0.154297 0.371094 0.160156 0.363281 0.162109 0.363281 0.166016 0.345703 0.179688 0.345703 0.185547 0.337891 0.189453 0.335938 0.199219 0.322266 0.212891 0.316406 0.230469 0.324219 0.248047 0.332031 0.251953 0.332031 0.255859 0.351562 0.277344 0.359375 0.281250 0.361328 0.287109 0.382812 0.287109 0.429688 0.273438 0.431641 0.267578 0.453125 0.253906 0.453125 0.250000 0.468750 0.234375 0.474609 0.218750 0.480469 0.214844 0.480469 0.208984 0.500000 0.195312 0.509766 0.183594 0.515625 0.183594 0.525391 0.171875 0.529297 0.171875 0.560547 0.121094 0.576172 0.107422 0.583984 0.105469 0.587891 0.097656 0.593750 0.097656 0.605469 0.083984 0.623047 0.054688 0.626953 0.039062 0.630859 0.037109 0.630859 0.019531
1 0.845703 0.082031 0.832031 0.080078 0.830078 0.076172 0.816406 0.076172 0.810547 0.080078 0.808594 0.089844 0.792969 0.101562 0.769531 0.128906 0.734375 0.130859 0.728516 0.136719 0.716797 0.136719 0.697266 0.152344 0.687500 0.173828 0.679688 0.181641 0.679688 0.193359 0.673828 0.199219 0.673828 0.226562 0.667969 0.238281 0.667969 0.269531 0.671875 0.273438 0.675781 0.310547 0.679688 0.312500 0.679688 0.324219 0.718750 0.332031 0.738281 0.332031 0.751953 0.337891 0.783203 0.337891 0.800781 0.328125 0.814453 0.328125 0.824219 0.320312 0.832031 0.320312 0.859375 0.291016 0.859375 0.279297 0.867188 0.271484 0.871094 0.255859 0.876953 0.251953 0.878906 0.244141 0.888672 0.232422 0.888672 0.226562 0.892578 0.224609 0.896484 0.142578 0.886719 0.136719 0.873047 0.111328 0.851562 0.091797
1 0.638672 0.076172 0.621094 0.066406 0.589844 0.105469 0.554688 0.140625 0.552734 0.164062 0.548828 0.171875 0.531250 0.187500 0.519531 0.187500 0.519531 0.197266 0.500000 0.207031 0.484375 0.236328 0.458984 0.250000 0.449219 0.263672 0.449219 0.273438 0.429688 0.281250 0.423828 0.294922 0.429688 0.316406 0.457031 0.330078 0.542969 0.330078 0.552734 0.326172 0.636719 0.330078 0.656250 0.322266 0.662109 0.310547 0.662109 0.285156 0.652344 0.273438 0.664062 0.248047 0.662109 0.191406 0.671875 0.173828 0.679688 0.171875 0.679688 0.152344 0.671875 0.150391 0.669922 0.128906 0.650391 0.089844
1 0.230469 0.306641 0.197266 0.314453 0.171875 0.333984 0.136719 0.339844 0.113281 0.357422 0.080078 0.357422 0.070312 0.345703 0.058594 0.345703 0.058594 0.486328 0.068359 0.488281 0.095703 0.511719 0.117188 0.523438 0.121094 0.531250 0.216797 0.531250 0.212891 0.503906 0.224609 0.492188 0.240234 0.484375 0.248047 0.472656 0.255859 0.453125 0.255859 0.417969 0.242188 0.392578 0.242188 0.345703 0.232422 0.328125 0.234375 0.310547
1 0.335938 0.269531 0.312500 0.269531 0.312500 0.277344 0.291016 0.300781 0.279297 0.330078 0.265625 0.347656 0.263672 0.367188 0.257812 0.380859 0.250000 0.388672 0.244141 0.388672 0.246094 0.394531 0.255859 0.400391 0.257812 0.453125 0.246094 0.480469 0.230469 0.492188 0.230469 0.570312 0.291016 0.568359 0.298828 0.572266 0.322266 0.572266 0.355469 0.558594 0.382812 0.527344 0.402344 0.531250 0.421875 0.523438 0.443359 0.500000 0.470703 0.445312 0.472656 0.417969 0.466797 0.402344 0.455078 0.390625 0.433594 0.378906 0.431641 0.369141 0.408203 0.337891 0.404297 0.326172 0.386719 0.308594 0.349609 0.289062 0.335938 0.275391
1 0.968750 0.312500 0.966797 0.316406 0.958984 0.316406 0.955078 0.324219 0.931641 0.341797 0.894531 0.341797 0.880859 0.345703 0.873047 0.353516 0.863281 0.400391 0.863281 0.484375 0.869141 0.517578 0.876953 0.529297 0.886719 0.531250 0.908203 0.550781 0.933594 0.593750 0.941406 0.601562 0.953125 0.603516 0.964844 0.619141 0.998047 0.626953 0.998047 0.322266 0.990234 0.322266 0.976562 0.312500
1 0.605469 0.474609 0.595703 0.464844 0.556641 0.460938 0.542969 0.455078 0.515625 0.455078 0.513672 0.458984 0.490234 0.460938 0.464844 0.482422 0.464844 0.488281 0.457031 0.494141 0.451172 0.511719 0.433594 0.535156 0.400391 0.539062 0.398438 0.542969 0.369141 0.554688 0.355469 0.568359 0.345703 0.570312 0.345703 0.591797 0.353516 0.597656 0.355469 0.609375 0.371094 0.628906 0.513672 0.652344 0.527344 0.642578 0.550781 0.634766 0.568359 0.619141 0.568359 0.611328 0.574219 0.605469 0.574219 0.595703 0.585938 0.580078 0.585938 0.568359 0.589844 0.566406 0.591797 0.548828 0.595703 0.546875 0.595703 0.531250 0.601562 0.525391
1 0.613281 0.496094 0.613281 0.507812 0.605469 0.517578 0.607422 0.576172 0.601562 0.583984 0.601562 0.603516 0.597656 0.607422 0.605469 0.613281 0.605469 0.617188 0.615234 0.617188 0.628906 0.628906 0.628906 0.648438 0.623047 0.654297 0.625000 0.677734 0.650391 0.677734 0.679688 0.666016 0.693359 0.648438 0.703125 0.644531 0.742188 0.609375 0.746094 0.601562 0.746094 0.578125 0.726562 0.560547 0.720703 0.548828 0.697266 0.525391 0.669922 0.511719 0.650391 0.511719 0.636719 0.503906 0.636719 0.496094
1 0.626953 0.628906 0.615234 0.619141 0.605469 0.619141 0.597656 0.609375 0.580078 0.609375 0.580078 0.615234 0.574219 0.617188 0.574219 0.621094 0.542969 0.646484 0.529297 0.650391 0.515625 0.666016 0.505859 0.669922 0.494141 0.681641 0.494141 0.701172 0.490234 0.714844 0.486328 0.716797 0.488281 0.730469 0.492188 0.732422 0.492188 0.748047 0.498047 0.748047 0.511719 0.738281 0.537109 0.738281 0.539062 0.734375 0.560547 0.728516 0.562500 0.724609 0.572266 0.724609 0.591797 0.710938 0.613281 0.710938 0.621094 0.705078 0.628906 0.705078 0.628906 0.689453 0.623047 0.683594 0.621094 0.654297 0.626953 0.648438
1 0.835938 0.718750 0.835938 0.697266 0.830078 0.689453 0.826172 0.666016 0.818359 0.656250 0.810547 0.654297 0.791016 0.636719 0.785156 0.636719 0.777344 0.625000 0.767578 0.625000 0.761719 0.632812 0.730469 0.638672 0.726562 0.646484 0.716797 0.648438 0.703125 0.660156 0.695312 0.660156 0.687500 0.681641 0.648438 0.689453 0.767578 0.755859 0.777344 0.750000 0.798828 0.750000 0.804688 0.744141 0.810547 0.744141
1 0.361328 0.644531 0.355469 0.691406 0.324219 0.720703 0.316406 0.720703 0.316406 0.724609 0.326172 0.728516 0.326172 0.753906 0.335938 0.787109 0.359375 0.808594 0.359375 0.812500 0.431641 0.812500 0.464844 0.759766 0.474609 0.705078 0.474609 0.664062 0.466797 0.656250 0.451172 0.654297 0.447266 0.644531
1 0.027344 0.728516 0.027344 0.775391 0.035156 0.775391 0.064453 0.800781 0.091797 0.810547 0.097656 0.820312 0.166016 0.820312 0.166016 0.814453 0.183594 0.794922 0.197266 0.761719 0.205078 0.751953 0.210938 0.751953 0.210938 0.720703 0.203125 0.720703 0.181641 0.699219 0.156250 0.683594 0.154297 0.675781 0.093750 0.675781 0.089844 0.685547 0.058594 0.703125 0.035156 0.728516
1 0.621094 0.714844 0.589844 0.714844 0.580078 0.724609 0.556641 0.736328 0.505859 0.751953 0.480469 0.771484 0.466797 0.775391 0.455078 0.787109 0.449219 0.787109 0.449219 0.835938 0.458984 0.841797 0.464844 0.859375 0.593750 0.859375 0.595703 0.853516 0.611328 0.845703 0.632812 0.822266 0.626953 0.818359 0.626953 0.730469 0.621094 0.722656
1 0.628906 0.734375 0.628906 0.818359 0.634766 0.820312 0.640625 0.839844 0.675781 0.849609 0.683594 0.855469 0.687500 0.865234 0.701172 0.871094 0.716797 0.871094 0.724609 0.882812 0.734375 0.886719 0.755859 0.886719 0.767578 0.878906 0.773438 0.867188 0.789062 0.859375 0.800781 0.839844 0.818359 0.822266 0.824219 0.808594 0.837891 0.796875 0.845703 0.781250 0.845703 0.755859 0.839844 0.746094 0.826172 0.740234 0.818359 0.740234 0.798828 0.751953 0.791016 0.751953 0.789062 0.757812 0.779297 0.763672 0.761719 0.767578 0.720703 0.751953 0.677734 0.726562 0.652344 0.726562 0.640625 0.734375
1 0.291016 0.738281 0.218750 0.738281 0.218750 0.748047 0.199219 0.769531 0.189453 0.792969 0.167969 0.814453 0.166016 0.822266 0.154297 0.822266 0.144531 0.828125 0.105469 0.826172 0.105469 0.898438 0.179688 0.898438 0.187500 0.884766 0.259766 0.884766 0.261719 0.892578 0.271484 0.898438 0.271484 0.892578 0.304688 0.855469 0.316406 0.818359 0.314453 0.779297 0.304688 0.757812 0.291016 0.744141
1 0.000000 0.777344 0.000000 0.927734 0.003906 0.914062 0.011719 0.914062 0.015625 0.917969 0.015625 0.927734 0.025391 0.927734 0.037109 0.917969 0.041016 0.906250 0.072266 0.906250 0.074219 0.900391 0.085938 0.898438 0.097656 0.886719 0.101562 0.839844 0.097656 0.826172 0.089844 0.818359 0.062500 0.808594 0.035156 0.785156 0.035156 0.777344
1 0.933594 0.810547 0.900391 0.810547 0.898438 0.814453 0.859375 0.818359 0.837891 0.828125 0.828125 0.837891 0.818359 0.839844 0.810547 0.851562 0.744141 0.914062 0.750000 0.929688 0.771484 0.939453 0.789062 0.939453 0.826172 0.949219 0.837891 0.962891 0.837891 0.972656 0.843750 0.978516 0.849609 0.998047 0.902344 0.996094 0.929688 0.976562 0.949219 0.974609 0.964844 0.960938 0.980469 0.919922 0.984375 0.917969 0.984375 0.878906 0.978516 0.871094 0.978516 0.861328 0.970703 0.843750
1 0.144531 0.937500 0.136719 0.921875 0.121094 0.908203 0.121094 0.902344 0.074219 0.902344 0.070312 0.912109 0.025391 0.939453 0.013672 0.937500 0.013672 0.917969 0.003906 0.916016 0.003906 0.996094 0.142578 0.996094 0.144531 0.988281 0.140625 0.982422 0.146484 0.970703 0.146484 0.964844 0.142578 0.962891 0.146484 0.958984 0.146484 0.947266 0.142578 0.945312
1 0.144531 0.939453 0.144531 0.945312 0.154297 0.951172 0.154297 0.957031 0.144531 0.962891 0.150391 0.962891 0.156250 0.968750 0.156250 0.986328 0.150391 0.992188 0.144531 0.992188 0.144531 0.996094 0.292969 0.996094 0.296875 0.962891 0.304688 0.960938 0.304688 0.941406 0.294922 0.937500 0.283203 0.912109 0.259766 0.892578 0.259766 0.886719 0.187500 0.886719 0.187500 0.892578 0.164062 0.912109 0.156250 0.923828 0.154297 0.935547
1 0.730469 0.900391 0.718750 0.884766 0.710938 0.880859 0.697266 0.880859 0.683594 0.871094 0.667969 0.867188 0.642578 0.843750 0.621094 0.843750 0.619141 0.847656 0.609375 0.847656 0.595703 0.861328 0.535156 0.861328 0.527344 0.867188 0.527344 0.890625 0.517578 0.900391 0.505859 0.900391 0.503906 0.904297 0.494141 0.906250 0.478516 0.923828 0.457031 0.931641 0.443359 0.947266 0.441406 0.958984 0.419922 0.980469 0.417969 0.998047 0.642578 0.998047 0.654297 0.984375 0.669922 0.974609 0.683594 0.972656 0.720703 0.943359 0.730469 0.927734
3 0.990234 0.000000 0.951172 0.000000 0.949219 0.023438 0.935547 0.050781 0.908203 0.064453 0.855469 0.066406 0.839844 0.060547 0.853516 0.082031 0.876953 0.101562 0.902344 0.144531 0.904297 0.195312 0.896484 0.253906 0.869141 0.292969 0.869141 0.296875 0.892578 0.306641 0.951172 0.306641 0.998047 0.292969 0.998047 0.072266 0.984375 0.046875 0.984375 0.015625
