0 0.751953 0.003906 0.753906 0.005859 0.755859 0.015625 0.767578 0.023438 0.783203 0.023438 0.791016 0.019531 0.796875 0.011719 0.796875 0.000000 0.753906 0.000000
0 0.632812 0.000000 0.632812 0.017578 0.636719 0.025391 0.648438 0.035156 0.667969 0.035156 0.679688 0.025391 0.683594 0.017578 0.683594 0.000000
0 0.351562 0.046875 0.343750 0.054688 0.341797 0.054688 0.337891 0.062500 0.337891 0.072266 0.341797 0.076172 0.343750 0.082031 0.347656 0.083984 0.363281 0.083984 0.375000 0.074219 0.375000 0.058594 0.365234 0.046875
0 0.021484 0.199219 0.011719 0.207031 0.007812 0.214844 0.007812 0.222656 0.005859 0.224609 0.007812 0.226562 0.007812 0.234375 0.011719 0.242188 0.021484 0.250000 0.039062 0.250000 0.048828 0.242188 0.052734 0.234375 0.052734 0.214844 0.048828 0.207031 0.039062 0.199219
0 0.400391 0.240234 0.400391 0.244141 0.396484 0.250000 0.396484 0.261719 0.404297 0.271484 0.406250 0.277344 0.410156 0.277344 0.416016 0.281250 0.437500 0.281250 0.449219 0.275391 0.455078 0.269531 0.458984 0.261719 0.458984 0.246094 0.457031 0.242188 0.441406 0.228516 0.417969 0.228516 0.416016 0.230469 0.412109 0.230469 0.402344 0.240234
0 0.746094 0.257812 0.738281 0.265625 0.730469 0.269531 0.730469 0.277344 0.726562 0.287109 0.730469 0.292969 0.732422 0.302734 0.734375 0.302734 0.742188 0.310547 0.757812 0.310547 0.771484 0.296875 0.771484 0.275391 0.761719 0.261719 0.753906 0.257812
0 0.535156 0.341797 0.527344 0.349609 0.523438 0.357422 0.523438 0.376953 0.531250 0.384766 0.537109 0.394531 0.541016 0.394531 0.548828 0.398438 0.566406 0.398438 0.587891 0.386719 0.593750 0.375000 0.593750 0.357422 0.578125 0.339844 0.570312 0.335938 0.550781 0.335938 0.539062 0.341797
0 0.949219 0.343750 0.931641 0.361328 0.931641 0.378906 0.929688 0.380859 0.935547 0.392578 0.941406 0.394531 0.949219 0.400391 0.974609 0.400391 0.990234 0.388672 0.994141 0.380859 0.994141 0.361328 0.990234 0.353516 0.984375 0.347656 0.976562 0.343750
0 0.345703 0.378906 0.337891 0.384766 0.332031 0.394531 0.332031 0.416016 0.337891 0.425781 0.345703 0.431641 0.363281 0.431641 0.371094 0.425781 0.376953 0.416016 0.376953 0.394531 0.371094 0.384766 0.363281 0.378906
0 0.791016 0.410156 0.783203 0.416016 0.783203 0.419922 0.777344 0.429688 0.779297 0.431641 0.779297 0.462891 0.791016 0.486328 0.806641 0.501953 0.810547 0.503906 0.830078 0.503906 0.835938 0.500000 0.841797 0.488281 0.839844 0.451172 0.828125 0.427734 0.816406 0.416016 0.804688 0.410156
0 0.984375 0.443359 0.976562 0.447266 0.966797 0.457031 0.964844 0.460938 0.964844 0.478516 0.976562 0.492188 0.984375 0.496094 0.998047 0.496094 0.998047 0.443359
0 0.189453 0.466797 0.191406 0.468750 0.191406 0.480469 0.201172 0.490234 0.205078 0.490234 0.207031 0.492188 0.236328 0.492188 0.248047 0.484375 0.248047 0.470703 0.246094 0.466797 0.228516 0.455078 0.205078 0.455078 0.193359 0.460938
0 0.796875 0.533203 0.792969 0.535156 0.783203 0.546875 0.783203 0.564453 0.785156 0.568359 0.796875 0.578125 0.814453 0.578125 0.818359 0.576172 0.828125 0.564453 0.828125 0.546875 0.826172 0.542969 0.814453 0.533203
0 0.820312 0.589844 0.810547 0.599609 0.804688 0.611328 0.804688 0.632812 0.810547 0.644531 0.820312 0.654297 0.833984 0.660156 0.857422 0.660156 0.871094 0.654297 0.880859 0.644531 0.886719 0.632812 0.886719 0.611328 0.880859 0.599609 0.871094 0.589844 0.857422 0.583984 0.833984 0.583984
0 0.011719 0.669922 0.005859 0.675781 0.001953 0.683594 0.001953 0.695312 0.000000 0.697266 0.001953 0.699219 0.001953 0.710938 0.005859 0.718750 0.011719 0.724609 0.019531 0.724609 0.025391 0.718750 0.029297 0.710938 0.029297 0.683594 0.025391 0.675781 0.019531 0.669922
0 0.453125 0.697266 0.443359 0.707031 0.441406 0.707031 0.437500 0.714844 0.437500 0.724609 0.441406 0.732422 0.447266 0.734375 0.455078 0.740234 0.474609 0.740234 0.478516 0.738281 0.492188 0.724609 0.492188 0.707031 0.490234 0.703125 0.476562 0.695312
0 0.375000 0.703125 0.365234 0.708984 0.357422 0.720703 0.357422 0.742188 0.363281 0.751953 0.375000 0.759766 0.394531 0.759766 0.404297 0.753906 0.412109 0.742188 0.412109 0.720703 0.406250 0.710938 0.394531 0.703125
0 0.158203 0.738281 0.148438 0.750000 0.148438 0.771484 0.158203 0.783203 0.171875 0.783203 0.181641 0.771484 0.181641 0.750000 0.171875 0.738281
0 0.007812 0.759766 0.001953 0.767578 0.001953 0.775391 0.000000 0.777344 0.001953 0.779297 0.001953 0.787109 0.007812 0.794922 0.017578 0.794922 0.023438 0.787109 0.023438 0.767578 0.017578 0.759766
0 0.000000 0.818359 0.000000 0.839844 0.001953 0.841797 0.017578 0.841797 0.027344 0.833984 0.027344 0.824219 0.021484 0.818359 0.017578 0.816406 0.001953 0.816406
0 0.457031 0.839844 0.457031 0.845703 0.455078 0.847656 0.457031 0.849609 0.457031 0.855469 0.470703 0.867188 0.492188 0.867188 0.505859 0.855469 0.505859 0.839844 0.492188 0.828125 0.470703 0.828125
0 0.636719 0.830078 0.632812 0.832031 0.625000 0.841797 0.625000 0.849609 0.623047 0.851562 0.625000 0.853516 0.625000 0.861328 0.626953 0.865234 0.636719 0.873047 0.650391 0.873047 0.654297 0.871094 0.662109 0.861328 0.662109 0.841797 0.660156 0.837891 0.650391 0.830078
0 0.128906 0.859375 0.115234 0.873047 0.113281 0.873047 0.113281 0.878906 0.109375 0.884766 0.109375 0.900391 0.117188 0.916016 0.125000 0.921875 0.148438 0.921875 0.162109 0.910156 0.166016 0.902344 0.166016 0.876953 0.162109 0.869141 0.150391 0.859375
0 0.371094 0.876953 0.361328 0.886719 0.357422 0.894531 0.357422 0.900391 0.355469 0.902344 0.355469 0.931641 0.361328 0.947266 0.371094 0.957031 0.384766 0.957031 0.394531 0.947266 0.398438 0.939453 0.398438 0.933594 0.400391 0.931641 0.400391 0.902344 0.394531 0.886719 0.384766 0.876953
0 0.267578 0.916016 0.259766 0.919922 0.259766 0.921875 0.251953 0.929688 0.251953 0.949219 0.250000 0.951172 0.255859 0.960938 0.255859 0.964844 0.257812 0.964844 0.267578 0.974609 0.289062 0.974609 0.302734 0.958984 0.302734 0.935547 0.285156 0.916016
1 0.441406 0.019531 0.414062 0.017578 0.378906 0.035156 0.357422 0.037109 0.339844 0.044922 0.332031 0.062500 0.330078 0.134766 0.347656 0.134766 0.378906 0.123047 0.396484 0.107422 0.417969 0.072266 0.437500 0.050781 0.441406 0.039062
1 0.736328 0.000000 0.701172 0.031250 0.685547 0.052734 0.671875 0.064453 0.660156 0.089844 0.660156 0.136719 0.667969 0.162109 0.679688 0.185547 0.705078 0.214844 0.732422 0.230469 0.771484 0.234375 0.841797 0.228516 0.847656 0.218750 0.867188 0.210938 0.896484 0.183594 0.898438 0.156250 0.906250 0.125000 0.906250 0.095703 0.892578 0.050781 0.880859 0.031250 0.851562 0.000000
2 0.302734 0.166016 0.294922 0.185547 0.296875 0.218750 0.312500 0.232422 0.330078 0.240234 0.363281 0.263672 0.380859 0.289062 0.414062 0.310547 0.423828 0.310547 0.425781 0.314453 0.464844 0.320312 0.472656 0.300781 0.490234 0.285156 0.548828 0.185547 0.548828 0.150391 0.544922 0.140625 0.511719 0.125000 0.480469 0.119141 0.412109 0.119141 0.337891 0.142578
2 0.015625 0.166016 0.000000 0.179688 0.000000 0.230469 0.009766 0.244141 0.009766 0.255859 0.015625 0.267578 0.031250 0.287109 0.064453 0.287109 0.083984 0.281250 0.093750 0.271484 0.107422 0.240234 0.107422 0.218750 0.093750 0.191406 0.068359 0.169922 0.048828 0.162109 0.025391 0.162109
2 0.675781 0.242188 0.675781 0.255859 0.689453 0.265625 0.693359 0.294922 0.712891 0.318359 0.718750 0.335938 0.759766 0.335938 0.759766 0.330078 0.779297 0.314453 0.808594 0.298828 0.832031 0.296875 0.859375 0.277344 0.859375 0.242188 0.839844 0.238281 0.716797 0.236328 0.707031 0.242188
1 0.587891 0.177734 0.568359 0.181641 0.476562 0.318359 0.470703 0.320312 0.470703 0.330078 0.480469 0.351562 0.482422 0.367188 0.500000 0.388672 0.519531 0.392578 0.539062 0.404297 0.578125 0.396484 0.593750 0.384766 0.607422 0.341797 0.640625 0.308594 0.660156 0.269531 0.656250 0.240234 0.640625 0.208984 0.617188 0.187500 0.591797 0.181641
1 0.998047 0.236328 0.935547 0.238281 0.935547 0.246094 0.916016 0.265625 0.910156 0.265625 0.910156 0.392578 0.919922 0.396484 0.925781 0.416016 0.943359 0.433594 0.943359 0.437500 0.972656 0.437500 0.994141 0.433594 0.998047 0.429688
2 0.484375 0.390625 0.472656 0.359375 0.472656 0.349609 0.464844 0.339844 0.445312 0.330078 0.408203 0.324219 0.376953 0.337891 0.359375 0.339844 0.310547 0.363281 0.300781 0.384766 0.300781 0.406250 0.310547 0.416016 0.316406 0.416016 0.349609 0.435547 0.359375 0.437500 0.378906 0.431641 0.382812 0.437500 0.394531 0.437500 0.414062 0.431641 0.427734 0.431641 0.433594 0.427734 0.457031 0.427734 0.480469 0.412109 0.484375 0.404297
1 0.902344 0.304688 0.890625 0.296875 0.876953 0.294922 0.869141 0.285156 0.863281 0.285156 0.828125 0.304688 0.810547 0.310547 0.773438 0.335938 0.761719 0.339844 0.744141 0.357422 0.712891 0.376953 0.683594 0.408203 0.669922 0.433594 0.646484 0.445312 0.636719 0.468750 0.638672 0.480469 0.703125 0.494141 0.716797 0.500000 0.792969 0.501953 0.884766 0.478516 0.892578 0.468750 0.904297 0.464844 0.912109 0.457031 0.912109 0.441406 0.906250 0.431641 0.904297 0.412109 0.908203 0.359375 0.906250 0.312500
2 0.125000 0.490234 0.128906 0.505859 0.140625 0.519531 0.150391 0.525391 0.164062 0.527344 0.177734 0.523438 0.230469 0.523438 0.230469 0.517578 0.238281 0.507812 0.269531 0.494141 0.275391 0.484375 0.269531 0.472656 0.246094 0.449219 0.246094 0.441406 0.205078 0.441406 0.203125 0.455078 0.185547 0.455078 0.179688 0.449219 0.179688 0.441406 0.164062 0.441406 0.164062 0.449219 0.160156 0.453125 0.148438 0.455078 0.132812 0.468750
1 0.574219 0.580078 0.601562 0.625000 0.673828 0.621094 0.714844 0.613281 0.759766 0.597656 0.775391 0.595703 0.785156 0.589844 0.796875 0.589844 0.822266 0.582031 0.833984 0.568359 0.837891 0.544922 0.820312 0.515625 0.808594 0.511719 0.667969 0.496094 0.601562 0.500000 0.589844 0.507812 0.587891 0.519531 0.580078 0.529297 0.578125 0.546875 0.574219 0.550781
2 0.009766 0.658203 0.000000 0.658203 0.000000 0.742188 0.029297 0.732422 0.041016 0.716797 0.037109 0.679688 0.021484 0.664062
1 0.556641 0.650391 0.531250 0.634766 0.511719 0.634766 0.480469 0.656250 0.457031 0.666016 0.429688 0.683594 0.423828 0.697266 0.425781 0.757812 0.437500 0.767578 0.445312 0.769531 0.457031 0.783203 0.472656 0.783203 0.476562 0.773438 0.496094 0.759766 0.509766 0.742188 0.533203 0.746094 0.568359 0.761719 0.587891 0.759766 0.589844 0.736328 0.585938 0.712891
2 0.394531 0.675781 0.335938 0.675781 0.298828 0.685547 0.291016 0.691406 0.281250 0.720703 0.281250 0.751953 0.292969 0.759766 0.302734 0.779297 0.314453 0.789062 0.337891 0.798828 0.357422 0.798828 0.369141 0.794922 0.419922 0.746094 0.421875 0.691406
1 0.595703 0.640625 0.589844 0.652344 0.589844 0.675781 0.599609 0.712891 0.619141 0.750000 0.648438 0.791016 0.648438 0.796875 0.662109 0.806641 0.673828 0.828125 0.685547 0.839844 0.714844 0.861328 0.720703 0.861328 0.746094 0.876953 0.757812 0.878906 0.781250 0.890625 0.800781 0.890625 0.830078 0.898438 0.833984 0.902344 0.843750 0.902344 0.853516 0.892578 0.859375 0.878906 0.876953 0.865234 0.900391 0.859375 0.947266 0.832031 0.998047 0.810547 0.998047 0.681641 0.978516 0.664062 0.947266 0.648438 0.916016 0.623047 0.910156 0.623047 0.894531 0.611328 0.880859 0.607422 0.859375 0.582031 0.832031 0.574219 0.822266 0.583984 0.787109 0.591797 0.751953 0.607422 0.673828 0.623047 0.619141 0.625000
2 0.000000 0.748047 0.000000 0.789062 0.003906 0.792969 0.054688 0.794922 0.058594 0.785156 0.058594 0.767578 0.048828 0.750000 0.033203 0.740234 0.017578 0.740234
2 0.078125 0.744141 0.066406 0.769531 0.066406 0.792969 0.078125 0.822266 0.078125 0.830078 0.095703 0.845703 0.105469 0.849609 0.185547 0.843750 0.212891 0.824219 0.216797 0.812500 0.214844 0.779297 0.199219 0.751953 0.187500 0.742188 0.158203 0.734375 0.083984 0.738281
1 0.443359 0.826172 0.449219 0.855469 0.457031 0.865234 0.472656 0.873047 0.523438 0.873047 0.525391 0.869141 0.550781 0.865234 0.585938 0.849609 0.603516 0.847656 0.619141 0.839844 0.634766 0.826172 0.638672 0.798828 0.632812 0.781250 0.615234 0.767578 0.511719 0.757812 0.498047 0.761719 0.478516 0.775391 0.470703 0.791016 0.453125 0.804688
2 0.052734 0.804688 0.037109 0.796875 0.000000 0.802734 0.000000 0.863281 0.031250 0.865234 0.050781 0.855469 0.060547 0.837891 0.060547 0.818359
1 0.654297 0.826172 0.648438 0.824219 0.630859 0.832031 0.589844 0.861328 0.556641 0.873047 0.533203 0.876953 0.527344 0.886719 0.527344 0.957031 0.519531 0.964844 0.507812 0.990234 0.515625 0.998047 0.582031 0.998047 0.615234 0.978516 0.605469 0.976562 0.619141 0.960938 0.648438 0.888672 0.669922 0.863281 0.669922 0.851562
1 0.351562 0.878906 0.341797 0.896484 0.341797 0.916016 0.353516 0.933594 0.355469 0.949219 0.361328 0.960938 0.375000 0.966797 0.384766 0.978516 0.417969 0.988281 0.484375 0.992188 0.496094 0.988281 0.503906 0.980469 0.503906 0.974609 0.515625 0.955078 0.517578 0.937500 0.511719 0.902344 0.500000 0.886719 0.466797 0.875000 0.455078 0.867188 0.373047 0.869141
1 0.328125 0.882812 0.310547 0.878906 0.300781 0.871094 0.277344 0.869141 0.244141 0.886719 0.236328 0.898438 0.230469 0.943359 0.222656 0.964844 0.214844 0.974609 0.212891 0.994141 0.216797 0.998047 0.281250 0.998047 0.291016 0.994141 0.302734 0.982422 0.314453 0.980469 0.326172 0.972656 0.333984 0.947266 0.333984 0.904297
3 0.064453 0.992188 0.064453 0.998047 0.085938 0.998047 0.078125 0.982422
3 0.449219 0.000000 0.312500 0.000000 0.289062 0.050781 0.287109 0.066406 0.267578 0.103516 0.251953 0.113281 0.218750 0.152344 0.205078 0.158203 0.187500 0.181641 0.175781 0.183594 0.158203 0.197266 0.123047 0.197266 0.109375 0.191406 0.128906 0.220703 0.128906 0.261719 0.121094 0.275391 0.105469 0.289062 0.074219 0.304688 0.058594 0.320312 0.052734 0.333984 0.054688 0.376953 0.050781 0.390625 0.037109 0.404297 0.017578 0.414062 0.000000 0.439453 0.000000 0.500000 0.009766 0.509766 0.009766 0.523438 0.027344 0.562500 0.058594 0.587891 0.056641 0.609375 0.044922 0.607422 0.031250 0.593750 0.019531 0.597656 0.019531 0.613281 0.025391 0.623047 0.035156 0.625000 0.041016 0.642578 0.060547 0.658203 0.068359 0.671875 0.068359 0.714844 0.082031 0.718750 0.113281 0.707031 0.125000 0.716797 0.142578 0.720703 0.150391 0.732422 0.197266 0.740234 0.216797 0.751953 0.257812 0.759766 0.263672 0.763672 0.267578 0.787109 0.257812 0.791016 0.328125 0.832031 0.318359 0.816406 0.298828 0.804688 0.281250 0.781250 0.271484 0.755859 0.259766 0.740234 0.253906 0.710938 0.240234 0.681641 0.218750 0.660156 0.189453 0.619141 0.158203 0.591797 0.154297 0.578125 0.128906 0.539062 0.117188 0.513672 0.121094 0.437500 0.146484 0.425781 0.177734 0.423828 0.187500 0.416016 0.197266 0.416016 0.210938 0.404297 0.216797 0.388672 0.218750 0.337891 0.224609 0.326172 0.230469 0.269531 0.242188 0.242188 0.267578 0.208984 0.275391 0.189453 0.310547 0.150391 0.320312 0.132812 0.328125 0.052734 0.343750 0.037109 0.365234 0.033203 0.398438 0.013672
3 0.044922 0.000000 0.000000 0.000000 0.000000 0.173828 0.023438 0.154297 0.025391 0.126953 0.017578 0.113281 0.019531 0.085938 0.035156 0.017578
