0 0.132812 0.001953 0.119141 0.015625 0.119141 0.037109 0.123047 0.044922 0.134766 0.052734 0.156250 0.052734 0.169922 0.039062 0.169922 0.017578 0.167969 0.013672 0.154297 0.001953
0 0.650391 0.017578 0.650391 0.021484 0.646484 0.027344 0.648438 0.029297 0.648438 0.044922 0.656250 0.052734 0.662109 0.062500 0.669922 0.066406 0.710938 0.066406 0.722656 0.058594 0.728516 0.052734 0.732422 0.044922 0.732422 0.025391 0.730469 0.021484 0.716797 0.007812 0.701172 0.000000 0.675781 0.000000 0.660156 0.007812
0 0.199219 0.070312 0.193359 0.076172 0.185547 0.080078 0.185547 0.083984 0.179688 0.093750 0.179688 0.105469 0.181641 0.107422 0.183594 0.117188 0.197266 0.130859 0.216797 0.132812 0.218750 0.130859 0.222656 0.130859 0.234375 0.117188 0.234375 0.089844 0.220703 0.074219 0.212891 0.070312
0 0.589844 0.089844 0.578125 0.105469 0.578125 0.121094 0.589844 0.136719 0.597656 0.136719 0.599609 0.138672 0.615234 0.138672 0.619141 0.136719 0.630859 0.125000 0.632812 0.105469 0.628906 0.097656 0.619141 0.089844 0.611328 0.089844 0.609375 0.087891 0.595703 0.087891 0.593750 0.089844
0 0.634766 0.134766 0.632812 0.136719 0.628906 0.136719 0.623047 0.146484 0.613281 0.156250 0.613281 0.183594 0.617188 0.191406 0.619141 0.191406 0.628906 0.201172 0.650391 0.201172 0.658203 0.197266 0.664062 0.191406 0.671875 0.177734 0.671875 0.156250 0.669922 0.154297 0.669922 0.150391 0.654297 0.134766
0 0.187500 0.142578 0.179688 0.150391 0.177734 0.150391 0.171875 0.162109 0.171875 0.173828 0.177734 0.183594 0.177734 0.187500 0.193359 0.199219 0.220703 0.199219 0.230469 0.189453 0.230469 0.164062 0.228516 0.160156 0.214844 0.146484 0.207031 0.142578
0 0.566406 0.156250 0.558594 0.164062 0.550781 0.167969 0.550781 0.177734 0.546875 0.187500 0.548828 0.189453 0.550781 0.199219 0.560547 0.208984 0.580078 0.210938 0.582031 0.208984 0.585938 0.208984 0.595703 0.199219 0.597656 0.195312 0.597656 0.175781 0.587891 0.162109 0.574219 0.156250
0 0.500000 0.226562 0.498047 0.228516 0.488281 0.230469 0.484375 0.240234 0.476562 0.250000 0.476562 0.263672 0.480469 0.269531 0.480469 0.273438 0.490234 0.283203 0.494141 0.283203 0.496094 0.285156 0.511719 0.285156 0.529297 0.269531 0.531250 0.265625 0.531250 0.246094 0.527344 0.238281 0.517578 0.228516 0.513672 0.226562
0 0.060547 0.246094 0.048828 0.257812 0.048828 0.263672 0.044922 0.269531 0.044922 0.279297 0.048828 0.285156 0.050781 0.294922 0.060547 0.304688 0.060547 0.306641 0.072266 0.312500 0.097656 0.312500 0.101562 0.310547 0.115234 0.294922 0.115234 0.273438 0.111328 0.263672 0.101562 0.253906 0.087891 0.244141 0.068359 0.244141 0.066406 0.246094
0 0.742188 0.257812 0.736328 0.261719 0.732422 0.271484 0.728516 0.275391 0.728516 0.294922 0.732422 0.298828 0.736328 0.308594 0.744141 0.312500 0.759766 0.312500 0.763672 0.310547 0.771484 0.300781 0.771484 0.273438 0.761719 0.261719 0.753906 0.257812
0 0.439453 0.273438 0.427734 0.285156 0.425781 0.285156 0.425781 0.296875 0.423828 0.298828 0.423828 0.306641 0.421875 0.308594 0.429688 0.324219 0.437500 0.328125 0.451172 0.328125 0.462891 0.318359 0.464844 0.306641 0.466797 0.304688 0.466797 0.291016 0.457031 0.277344 0.449219 0.273438
0 0.125000 0.312500 0.125000 0.324219 0.123047 0.326172 0.126953 0.330078 0.128906 0.335938 0.130859 0.335938 0.138672 0.343750 0.144531 0.343750 0.146484 0.345703 0.160156 0.345703 0.162109 0.343750 0.167969 0.343750 0.169922 0.341797 0.173828 0.341797 0.185547 0.328125 0.183594 0.314453 0.177734 0.308594 0.162109 0.298828 0.142578 0.298828 0.130859 0.304688
0 0.291016 0.337891 0.287109 0.341797 0.281250 0.343750 0.281250 0.345703 0.273438 0.353516 0.275391 0.355469 0.275391 0.376953 0.289062 0.390625 0.312500 0.390625 0.316406 0.388672 0.328125 0.375000 0.328125 0.355469 0.316406 0.341797 0.308594 0.337891
0 0.589844 0.355469 0.589844 0.357422 0.580078 0.367188 0.580078 0.392578 0.585938 0.404297 0.597656 0.416016 0.601562 0.417969 0.619141 0.417969 0.630859 0.406250 0.630859 0.378906 0.626953 0.371094 0.615234 0.359375 0.607422 0.355469
0 0.892578 0.419922 0.880859 0.425781 0.880859 0.427734 0.871094 0.437500 0.871094 0.441406 0.867188 0.447266 0.867188 0.468750 0.873047 0.478516 0.873047 0.482422 0.884766 0.494141 0.888672 0.494141 0.890625 0.496094 0.912109 0.496094 0.929688 0.482422 0.935547 0.470703 0.935547 0.447266 0.931641 0.437500 0.917969 0.423828 0.910156 0.419922
0 0.337891 0.451172 0.337891 0.453125 0.330078 0.460938 0.330078 0.486328 0.333984 0.494141 0.335938 0.494141 0.345703 0.503906 0.373047 0.503906 0.382812 0.492188 0.382812 0.466797 0.363281 0.447266 0.345703 0.447266
0 0.218750 0.544922 0.214844 0.550781 0.214844 0.560547 0.210938 0.570312 0.212891 0.572266 0.214844 0.582031 0.224609 0.591797 0.228516 0.591797 0.236328 0.595703 0.250000 0.593750 0.259766 0.583984 0.259766 0.578125 0.261719 0.576172 0.261719 0.564453 0.257812 0.554688 0.246094 0.542969 0.226562 0.541016
0 0.962891 0.552734 0.953125 0.552734 0.945312 0.556641 0.945312 0.558594 0.931641 0.572266 0.931641 0.595703 0.929688 0.597656 0.941406 0.609375 0.960938 0.609375 0.970703 0.601562 0.976562 0.591797 0.976562 0.566406
0 0.599609 0.578125 0.589844 0.578125 0.587891 0.580078 0.583984 0.580078 0.583984 0.582031 0.572266 0.593750 0.572266 0.609375 0.570312 0.611328 0.574219 0.617188 0.574219 0.621094 0.580078 0.625000 0.595703 0.625000 0.609375 0.609375 0.609375 0.587891
0 0.359375 0.578125 0.355469 0.580078 0.353516 0.585938 0.347656 0.591797 0.347656 0.615234 0.345703 0.617188 0.349609 0.621094 0.357422 0.636719 0.361328 0.638672 0.376953 0.638672 0.390625 0.623047 0.390625 0.599609 0.386719 0.589844 0.378906 0.582031 0.375000 0.582031 0.367188 0.578125
0 0.865234 0.578125 0.857422 0.585938 0.845703 0.593750 0.845703 0.617188 0.843750 0.619141 0.847656 0.623047 0.851562 0.632812 0.853516 0.632812 0.861328 0.640625 0.882812 0.640625 0.890625 0.636719 0.898438 0.628906 0.900391 0.625000 0.900391 0.617188 0.902344 0.615234 0.902344 0.601562 0.900391 0.599609 0.900391 0.595703 0.886719 0.582031 0.878906 0.578125
0 0.636719 0.593750 0.619141 0.611328 0.619141 0.634766 0.626953 0.642578 0.632812 0.652344 0.636719 0.654297 0.660156 0.654297 0.666016 0.650391 0.675781 0.638672 0.675781 0.613281 0.662109 0.597656 0.654297 0.593750
0 0.169922 0.601562 0.164062 0.605469 0.160156 0.605469 0.152344 0.613281 0.152344 0.623047 0.148438 0.632812 0.154297 0.642578 0.154297 0.646484 0.162109 0.654297 0.179688 0.656250 0.197266 0.646484 0.197266 0.642578 0.201172 0.634766 0.201172 0.625000 0.195312 0.613281 0.191406 0.609375 0.177734 0.601562
0 0.230469 0.625000 0.218750 0.632812 0.216797 0.638672 0.212891 0.642578 0.212891 0.652344 0.210938 0.654297 0.214844 0.660156 0.216797 0.669922 0.222656 0.675781 0.240234 0.677734 0.248047 0.673828 0.253906 0.667969 0.257812 0.660156 0.257812 0.644531 0.246094 0.628906 0.238281 0.625000
0 0.968750 0.679688 0.957031 0.691406 0.957031 0.718750 0.955078 0.720703 0.960938 0.730469 0.960938 0.734375 0.970703 0.744141 0.986328 0.744141 0.996094 0.734375 0.996094 0.691406 0.984375 0.679688
0 0.859375 0.800781 0.853516 0.806641 0.845703 0.810547 0.845703 0.839844 0.861328 0.855469 0.861328 0.857422 0.865234 0.857422 0.867188 0.859375 0.886719 0.859375 0.902344 0.843750 0.902344 0.822266 0.898438 0.814453 0.888672 0.804688 0.880859 0.800781
0 0.878906 0.898438 0.871094 0.906250 0.863281 0.910156 0.863281 0.919922 0.859375 0.929688 0.861328 0.931641 0.861328 0.937500 0.873047 0.949219 0.892578 0.951172 0.910156 0.939453 0.914062 0.931641 0.914062 0.917969 0.910156 0.910156 0.902344 0.902344 0.892578 0.898438
1 0.000000 0.000000 0.000000 0.048828 0.056641 0.068359 0.115234 0.066406 0.126953 0.062500 0.130859 0.056641 0.167969 0.044922 0.181641 0.037109 0.208984 0.037109 0.230469 0.042969 0.267578 0.060547 0.281250 0.060547 0.302734 0.050781 0.310547 0.037109 0.308594 0.000000
1 0.429688 0.017578 0.419922 0.054688 0.421875 0.080078 0.437500 0.101562 0.453125 0.109375 0.496094 0.111328 0.527344 0.125000 0.548828 0.142578 0.564453 0.142578 0.574219 0.136719 0.580078 0.140625 0.611328 0.142578 0.623047 0.136719 0.638672 0.115234 0.638672 0.046875 0.630859 0.021484 0.617188 0.000000 0.449219 0.000000 0.443359 0.001953
1 0.119141 0.089844 0.117188 0.101562 0.140625 0.128906 0.156250 0.134766 0.208984 0.134766 0.234375 0.126953 0.257812 0.087891 0.259766 0.074219 0.250000 0.060547 0.212891 0.044922 0.183594 0.042969 0.136719 0.060547
1 0.429688 0.146484 0.429688 0.166016 0.437500 0.181641 0.462891 0.205078 0.583984 0.212891 0.597656 0.183594 0.597656 0.173828 0.589844 0.158203 0.572266 0.146484 0.527344 0.150391 0.498047 0.138672 0.474609 0.136719 0.455078 0.126953 0.441406 0.130859
1 0.150391 0.148438 0.146484 0.158203 0.146484 0.179688 0.162109 0.210938 0.177734 0.212891 0.183594 0.220703 0.195312 0.224609 0.208984 0.236328 0.238281 0.250000 0.257812 0.255859 0.287109 0.257812 0.304688 0.238281 0.310547 0.238281 0.320312 0.228516 0.328125 0.212891 0.332031 0.177734 0.324219 0.152344 0.306641 0.130859 0.281250 0.115234 0.273438 0.097656 0.267578 0.093750 0.255859 0.097656 0.236328 0.126953 0.226562 0.134766 0.171875 0.144531 0.160156 0.142578
1 0.656250 0.119141 0.650391 0.119141 0.642578 0.128906 0.611328 0.148438 0.609375 0.160156 0.605469 0.162109 0.605469 0.193359 0.597656 0.212891 0.585938 0.226562 0.589844 0.263672 0.607422 0.255859 0.623047 0.232422 0.646484 0.218750 0.669922 0.187500 0.675781 0.158203 0.673828 0.132812
1 0.021484 0.228516 0.017578 0.242188 0.019531 0.294922 0.031250 0.322266 0.042969 0.330078 0.052734 0.330078 0.062500 0.322266 0.074219 0.322266 0.125000 0.294922 0.150391 0.292969 0.167969 0.283203 0.169922 0.242188 0.166016 0.228516 0.154297 0.214844 0.125000 0.199219 0.107422 0.193359 0.060547 0.189453 0.041016 0.199219
1 0.455078 0.218750 0.449219 0.246094 0.472656 0.273438 0.500000 0.291016 0.515625 0.320312 0.544922 0.324219 0.574219 0.304688 0.582031 0.289062 0.582031 0.265625 0.578125 0.248047 0.564453 0.226562 0.544922 0.216797 0.511719 0.216797 0.498047 0.212891 0.464844 0.212891
1 0.435547 0.222656 0.417969 0.222656 0.416016 0.218750 0.386719 0.214844 0.371094 0.222656 0.359375 0.238281 0.343750 0.277344 0.347656 0.347656 0.363281 0.375000 0.371094 0.375000 0.390625 0.353516 0.423828 0.337891 0.457031 0.333984 0.498047 0.322266 0.500000 0.300781 0.476562 0.281250 0.435547 0.232422
1 0.718750 0.277344 0.716797 0.339844 0.720703 0.347656 0.787109 0.380859 0.833984 0.384766 0.841797 0.378906 0.861328 0.375000 0.912109 0.332031 0.917969 0.322266 0.917969 0.302734 0.908203 0.279297 0.896484 0.265625 0.880859 0.257812 0.800781 0.259766 0.789062 0.257812 0.767578 0.246094 0.748047 0.246094 0.726562 0.259766
1 0.693359 0.197266 0.660156 0.205078 0.640625 0.232422 0.607422 0.263672 0.595703 0.279297 0.585938 0.285156 0.570312 0.310547 0.564453 0.330078 0.554688 0.333984 0.550781 0.339844 0.552734 0.380859 0.583984 0.427734 0.599609 0.429688 0.617188 0.425781 0.636719 0.412109 0.656250 0.386719 0.667969 0.386719 0.683594 0.371094 0.691406 0.369141 0.705078 0.355469 0.710938 0.343750 0.714844 0.289062 0.724609 0.255859 0.724609 0.234375 0.720703 0.220703
2 0.337891 0.267578 0.308594 0.273438 0.277344 0.304688 0.263672 0.361328 0.250000 0.384766 0.248047 0.416016 0.253906 0.429688 0.275391 0.431641 0.322266 0.427734 0.337891 0.417969 0.345703 0.408203 0.347656 0.341797 0.343750 0.322266 0.343750 0.279297
1 0.033203 0.361328 0.023438 0.382812 0.021484 0.406250 0.039062 0.441406 0.048828 0.449219 0.085938 0.453125 0.134766 0.468750 0.156250 0.464844 0.193359 0.480469 0.224609 0.480469 0.228516 0.476562 0.236328 0.441406 0.236328 0.414062 0.226562 0.382812 0.226562 0.349609 0.210938 0.330078 0.181641 0.312500 0.166016 0.296875 0.154297 0.294922 0.132812 0.298828 0.115234 0.308594 0.089844 0.316406 0.058594 0.335938
1 0.998047 0.322266 0.978516 0.322266 0.912109 0.341797 0.892578 0.367188 0.867188 0.392578 0.861328 0.394531 0.859375 0.402344 0.841797 0.425781 0.832031 0.447266 0.835938 0.523438 0.861328 0.548828 0.902344 0.541016 0.917969 0.544922 0.970703 0.544922 0.998047 0.521484
1 0.357422 0.433594 0.335938 0.431641 0.304688 0.441406 0.294922 0.451172 0.273438 0.457031 0.248047 0.472656 0.253906 0.531250 0.259766 0.548828 0.275391 0.568359 0.285156 0.589844 0.341797 0.587891 0.361328 0.574219 0.402344 0.574219 0.421875 0.564453 0.435547 0.552734 0.435547 0.542969 0.404297 0.513672 0.402344 0.500000 0.386719 0.462891 0.371094 0.455078 0.365234 0.441406
1 0.220703 0.535156 0.207031 0.542969 0.199219 0.552734 0.195312 0.564453 0.195312 0.597656 0.197266 0.603516 0.207031 0.607422 0.214844 0.617188 0.240234 0.617188 0.257812 0.603516 0.265625 0.570312 0.250000 0.541016 0.234375 0.535156
1 0.621094 0.552734 0.607422 0.541016 0.599609 0.541016 0.580078 0.529297 0.560547 0.529297 0.511719 0.546875 0.433594 0.568359 0.423828 0.580078 0.427734 0.599609 0.427734 0.632812 0.441406 0.658203 0.478516 0.662109 0.492188 0.667969 0.509766 0.669922 0.527344 0.679688 0.558594 0.675781 0.589844 0.660156 0.613281 0.628906 0.623047 0.572266
1 0.308594 0.609375 0.310547 0.626953 0.333984 0.652344 0.349609 0.656250 0.384766 0.656250 0.390625 0.652344 0.400391 0.652344 0.419922 0.658203 0.423828 0.648438 0.417969 0.613281 0.419922 0.591797 0.416016 0.583984 0.404297 0.576172 0.363281 0.578125 0.343750 0.591797 0.326172 0.593750
1 0.691406 0.576172 0.677734 0.570312 0.642578 0.564453 0.628906 0.578125 0.621094 0.599609 0.615234 0.642578 0.587891 0.667969 0.587891 0.675781 0.593750 0.683594 0.605469 0.689453 0.625000 0.691406 0.642578 0.669922 0.662109 0.658203 0.675781 0.640625 0.697266 0.626953 0.705078 0.601562
1 0.187500 0.591797 0.175781 0.591797 0.158203 0.599609 0.101562 0.638672 0.056641 0.650391 0.037109 0.660156 0.035156 0.666016 0.019531 0.679688 0.017578 0.691406 0.044922 0.744141 0.078125 0.759766 0.097656 0.753906 0.121094 0.738281 0.121094 0.720703 0.130859 0.714844 0.144531 0.697266 0.164062 0.685547 0.167969 0.669922 0.207031 0.632812 0.205078 0.617188
1 0.281250 0.617188 0.265625 0.617188 0.253906 0.623047 0.230469 0.626953 0.207031 0.638672 0.197266 0.654297 0.187500 0.658203 0.175781 0.669922 0.166016 0.687500 0.150391 0.703125 0.128906 0.716797 0.125000 0.740234 0.091797 0.765625 0.091797 0.792969 0.105469 0.804688 0.121094 0.826172 0.121094 0.886719 0.125000 0.906250 0.136719 0.925781 0.144531 0.931641 0.191406 0.925781 0.236328 0.902344 0.261719 0.894531 0.296875 0.876953 0.320312 0.859375 0.347656 0.806641 0.347656 0.720703 0.343750 0.699219 0.326172 0.664062 0.314453 0.652344 0.314453 0.644531
1 0.845703 0.701172 0.839844 0.712891 0.857422 0.744141 0.859375 0.777344 0.835938 0.808594 0.835938 0.837891 0.839844 0.855469 0.869141 0.867188 0.882812 0.857422 0.912109 0.857422 0.960938 0.841797 0.962891 0.822266 0.968750 0.808594 0.968750 0.779297 0.955078 0.755859 0.921875 0.728516 0.906250 0.722656 0.863281 0.697266
1 0.955078 0.863281 0.902344 0.863281 0.867188 0.871094 0.849609 0.914062 0.849609 0.935547 0.855469 0.949219 0.941406 0.951172 0.951172 0.919922 0.951172 0.898438 0.957031 0.875000
3 0.998047 0.750000 0.994141 0.751953 0.990234 0.810547 0.968750 0.841797 0.957031 0.849609 0.960938 0.876953 0.955078 0.900391 0.951172 0.998047 0.990234 0.998047 0.996094 0.982422 0.992188 0.921875 0.994141 0.878906 0.998047 0.871094
3 0.998047 0.207031 0.960938 0.218750 0.937500 0.218750 0.923828 0.228516 0.921875 0.298828 0.939453 0.326172 0.962891 0.326172 0.998047 0.318359
3 0.000000 0.058594 0.000000 0.093750 0.037109 0.080078 0.062500 0.080078 0.080078 0.085938 0.113281 0.080078 0.111328 0.076172 0.058594 0.078125 0.031250 0.070312 0.019531 0.060547
