0 0.900391 0.044922 0.888672 0.054688 0.888672 0.060547 0.886719 0.062500 0.888672 0.064453 0.888672 0.070312 0.900391 0.080078 0.914062 0.080078 0.925781 0.070312 0.925781 0.054688 0.914062 0.044922
0 0.771484 0.087891 0.767578 0.089844 0.755859 0.103516 0.755859 0.113281 0.759766 0.119141 0.771484 0.128906 0.789062 0.128906 0.800781 0.119141 0.802734 0.115234 0.802734 0.101562 0.800781 0.097656 0.789062 0.087891
0 0.531250 0.103516 0.525391 0.107422 0.521484 0.107422 0.521484 0.109375 0.513672 0.117188 0.513672 0.121094 0.509766 0.126953 0.509766 0.142578 0.513672 0.146484 0.521484 0.162109 0.529297 0.166016 0.548828 0.166016 0.560547 0.156250 0.564453 0.148438 0.564453 0.126953 0.560547 0.117188 0.552734 0.109375 0.541016 0.103516
0 0.976562 0.119141 0.970703 0.123047 0.966797 0.128906 0.966797 0.142578 0.968750 0.146484 0.976562 0.152344 0.994141 0.152344 0.998047 0.148438 0.998047 0.123047 0.994141 0.119141
0 0.341797 0.134766 0.335938 0.140625 0.328125 0.144531 0.324219 0.152344 0.324219 0.169922 0.326172 0.171875 0.326172 0.175781 0.328125 0.175781 0.339844 0.187500 0.361328 0.187500 0.378906 0.171875 0.378906 0.152344 0.375000 0.144531 0.363281 0.134766
0 0.605469 0.154297 0.599609 0.158203 0.595703 0.164062 0.595703 0.177734 0.599609 0.183594 0.605469 0.187500 0.621094 0.187500 0.626953 0.183594 0.630859 0.177734 0.630859 0.164062 0.626953 0.158203 0.621094 0.154297
0 0.136719 0.152344 0.130859 0.156250 0.125000 0.164062 0.125000 0.169922 0.123047 0.171875 0.125000 0.173828 0.125000 0.179688 0.128906 0.185547 0.136719 0.191406 0.152344 0.191406 0.158203 0.187500 0.164062 0.179688 0.164062 0.164062 0.160156 0.158203 0.152344 0.152344
0 0.076172 0.179688 0.076172 0.181641 0.066406 0.191406 0.066406 0.197266 0.062500 0.203125 0.064453 0.205078 0.064453 0.212891 0.066406 0.214844 0.066406 0.224609 0.083984 0.242188 0.087891 0.242188 0.089844 0.244141 0.105469 0.244141 0.107422 0.242188 0.115234 0.242188 0.126953 0.230469 0.130859 0.222656 0.130859 0.199219 0.128906 0.195312 0.113281 0.179688 0.103516 0.175781 0.085938 0.175781 0.080078 0.179688
0 0.792969 0.248047 0.787109 0.251953 0.783203 0.257812 0.783203 0.263672 0.781250 0.265625 0.783203 0.267578 0.783203 0.273438 0.787109 0.279297 0.792969 0.283203 0.806641 0.283203 0.812500 0.279297 0.816406 0.273438 0.816406 0.257812 0.812500 0.251953 0.806641 0.248047
0 0.208984 0.337891 0.201172 0.347656 0.201172 0.361328 0.208984 0.371094 0.222656 0.371094 0.230469 0.361328 0.230469 0.347656 0.222656 0.337891
0 0.343750 0.376953 0.335938 0.384766 0.333984 0.384766 0.332031 0.390625 0.328125 0.394531 0.328125 0.410156 0.335938 0.417969 0.341797 0.427734 0.345703 0.429688 0.367188 0.429688 0.378906 0.419922 0.378906 0.390625 0.369141 0.380859 0.361328 0.376953
0 0.816406 0.410156 0.814453 0.416016 0.804688 0.427734 0.806641 0.429688 0.808594 0.447266 0.818359 0.457031 0.818359 0.458984 0.822266 0.460938 0.847656 0.460938 0.859375 0.447266 0.859375 0.429688 0.851562 0.417969 0.841797 0.410156
0 0.140625 0.443359 0.125000 0.457031 0.123047 0.457031 0.123047 0.460938 0.119141 0.466797 0.119141 0.484375 0.123047 0.490234 0.123047 0.494141 0.134766 0.505859 0.134766 0.507812 0.138672 0.507812 0.140625 0.509766 0.167969 0.509766 0.175781 0.505859 0.181641 0.500000 0.187500 0.488281 0.187500 0.464844 0.183594 0.457031 0.167969 0.443359
0 0.369141 0.472656 0.363281 0.476562 0.355469 0.486328 0.355469 0.503906 0.359375 0.509766 0.369141 0.517578 0.386719 0.517578 0.392578 0.513672 0.400391 0.503906 0.400391 0.486328 0.396484 0.480469 0.386719 0.472656
0 0.511719 0.542969 0.511719 0.556641 0.509766 0.558594 0.515625 0.568359 0.515625 0.572266 0.531250 0.580078 0.552734 0.580078 0.560547 0.576172 0.572266 0.562500 0.572266 0.544922 0.570312 0.541016 0.558594 0.529297 0.554688 0.529297 0.552734 0.527344 0.529297 0.527344 0.513672 0.542969
0 0.343750 0.548828 0.337891 0.552734 0.333984 0.558594 0.333984 0.564453 0.332031 0.566406 0.333984 0.568359 0.333984 0.574219 0.337891 0.580078 0.343750 0.583984 0.359375 0.583984 0.365234 0.580078 0.369141 0.574219 0.369141 0.558594 0.365234 0.552734 0.359375 0.548828
0 0.970703 0.562500 0.958984 0.570312 0.958984 0.574219 0.955078 0.580078 0.955078 0.595703 0.966797 0.611328 0.968750 0.617188 0.972656 0.619141 0.988281 0.619141 0.996094 0.611328 0.996094 0.574219 0.986328 0.564453
0 0.607422 0.679688 0.595703 0.695312 0.595703 0.708984 0.599609 0.716797 0.601562 0.716797 0.611328 0.726562 0.615234 0.726562 0.617188 0.728516 0.628906 0.728516 0.630859 0.726562 0.644531 0.724609 0.654297 0.710938 0.654297 0.693359 0.632812 0.675781 0.615234 0.675781
0 0.050781 0.699219 0.048828 0.705078 0.039062 0.716797 0.039062 0.728516 0.042969 0.734375 0.042969 0.738281 0.056641 0.750000 0.078125 0.750000 0.082031 0.748047 0.089844 0.740234 0.089844 0.710938 0.074219 0.697266 0.056641 0.697266 0.054688 0.699219
0 0.177734 0.750000 0.173828 0.757812 0.167969 0.763672 0.169922 0.765625 0.169922 0.787109 0.175781 0.794922 0.179688 0.794922 0.185547 0.798828 0.203125 0.798828 0.207031 0.796875 0.218750 0.783203 0.218750 0.759766 0.199219 0.746094 0.191406 0.746094 0.183594 0.750000
0 0.238281 0.826172 0.234375 0.830078 0.232422 0.839844 0.230469 0.841797 0.232422 0.843750 0.234375 0.853516 0.238281 0.857422 0.246094 0.857422 0.251953 0.849609 0.251953 0.833984 0.246094 0.826172
0 0.052734 0.847656 0.044922 0.855469 0.037109 0.859375 0.037109 0.865234 0.033203 0.873047 0.035156 0.875000 0.039062 0.890625 0.041016 0.890625 0.052734 0.902344 0.074219 0.902344 0.087891 0.890625 0.087891 0.865234 0.074219 0.851562 0.066406 0.847656
0 0.378906 0.919922 0.371094 0.927734 0.371094 0.941406 0.378906 0.949219 0.392578 0.949219 0.400391 0.941406 0.400391 0.927734 0.392578 0.919922
0 0.917969 0.960938 0.917969 0.978516 0.916016 0.980469 0.923828 0.992188 0.931641 0.996094 0.966797 0.996094 0.978516 0.982422 0.978516 0.968750 0.976562 0.964844 0.960938 0.951172 0.957031 0.951172 0.955078 0.949219 0.933594 0.949219 0.925781 0.957031
1 0.873047 0.087891 0.882812 0.087891 0.886719 0.091797 0.923828 0.087891 0.941406 0.070312 0.941406 0.060547 0.958984 0.044922 0.976562 0.035156 0.982422 0.025391 0.982422 0.003906 0.986328 0.000000 0.851562 0.000000 0.859375 0.033203 0.865234 0.039062
1 0.833984 0.017578 0.812500 0.000000 0.775391 0.000000 0.767578 0.009766 0.728516 0.009766 0.726562 0.013672 0.707031 0.021484 0.707031 0.025391 0.685547 0.044922 0.681641 0.062500 0.677734 0.064453 0.675781 0.091797 0.671875 0.093750 0.673828 0.125000 0.683594 0.130859 0.687500 0.142578 0.708984 0.144531 0.724609 0.140625 0.732422 0.128906 0.804688 0.126953 0.814453 0.117188 0.830078 0.117188 0.851562 0.095703 0.851562 0.085938 0.857422 0.082031 0.857422 0.058594 0.841797 0.044922 0.841797 0.035156
1 0.392578 0.052734 0.359375 0.052734 0.341797 0.068359 0.337891 0.080078 0.324219 0.089844 0.314453 0.164062 0.326172 0.185547 0.373047 0.187500 0.375000 0.183594 0.390625 0.181641 0.402344 0.167969 0.416016 0.162109 0.417969 0.119141 0.406250 0.099609 0.406250 0.080078
1 0.482422 0.066406 0.482422 0.074219 0.476562 0.080078 0.476562 0.101562 0.470703 0.109375 0.464844 0.109375 0.464844 0.152344 0.474609 0.158203 0.482422 0.171875 0.507812 0.197266 0.523438 0.203125 0.527344 0.210938 0.562500 0.210938 0.562500 0.207031 0.580078 0.189453 0.585938 0.189453 0.585938 0.115234 0.582031 0.115234 0.574219 0.101562 0.558594 0.087891 0.521484 0.080078 0.511719 0.072266 0.511719 0.066406
1 0.119141 0.132812 0.109375 0.152344 0.111328 0.162109 0.125000 0.173828 0.136719 0.191406 0.150391 0.191406 0.156250 0.201172 0.167969 0.205078 0.191406 0.240234 0.220703 0.255859 0.244141 0.255859 0.248047 0.259766 0.275391 0.257812 0.292969 0.240234 0.292969 0.232422 0.298828 0.226562 0.298828 0.218750 0.302734 0.216797 0.302734 0.207031 0.308594 0.197266 0.308594 0.136719 0.298828 0.121094 0.279297 0.101562 0.228516 0.099609 0.226562 0.103516 0.210938 0.105469 0.199219 0.113281 0.185547 0.113281 0.169922 0.125000 0.156250 0.125000 0.144531 0.132812
1 0.617188 0.066406 0.605469 0.076172 0.599609 0.076172 0.585938 0.089844 0.587891 0.109375 0.591797 0.113281 0.585938 0.199219 0.593750 0.210938 0.597656 0.242188 0.609375 0.263672 0.611328 0.283203 0.615234 0.287109 0.621094 0.314453 0.628906 0.320312 0.648438 0.320312 0.650391 0.316406 0.658203 0.316406 0.675781 0.304688 0.687500 0.277344 0.693359 0.275391 0.693359 0.251953 0.679688 0.210938 0.677734 0.173828 0.669922 0.160156 0.666016 0.097656 0.656250 0.080078 0.634766 0.066406
1 0.958984 0.150391 0.945312 0.138672 0.929688 0.136719 0.923828 0.130859 0.916016 0.130859 0.908203 0.123047 0.859375 0.125000 0.837891 0.148438 0.837891 0.154297 0.830078 0.164062 0.830078 0.175781 0.824219 0.181641 0.822266 0.197266 0.816406 0.203125 0.816406 0.212891 0.812500 0.214844 0.808594 0.230469 0.779297 0.244141 0.771484 0.255859 0.771484 0.269531 0.779297 0.285156 0.789062 0.292969 0.804688 0.292969 0.810547 0.296875 0.863281 0.296875 0.878906 0.291016 0.882812 0.285156 0.888672 0.285156 0.908203 0.263672 0.939453 0.251953 0.957031 0.234375 0.957031 0.228516 0.962891 0.222656 0.962891 0.166016
1 0.041016 0.167969 0.041016 0.175781 0.013672 0.199219 0.000000 0.199219 0.000000 0.310547 0.009766 0.302734 0.050781 0.357422 0.064453 0.365234 0.089844 0.369141 0.113281 0.380859 0.121094 0.369141 0.160156 0.343750 0.185547 0.318359 0.195312 0.300781 0.195312 0.291016 0.203125 0.289062 0.203125 0.271484 0.195312 0.269531 0.187500 0.244141 0.150391 0.199219 0.150391 0.193359 0.136719 0.193359 0.130859 0.183594 0.111328 0.181641 0.103516 0.173828 0.103516 0.167969
1 0.314453 0.353516 0.306641 0.335938 0.294922 0.324219 0.289062 0.324219 0.273438 0.314453 0.201172 0.318359 0.197266 0.324219 0.191406 0.324219 0.183594 0.333984 0.179688 0.333984 0.179688 0.339844 0.171875 0.347656 0.162109 0.351562 0.156250 0.363281 0.148438 0.369141 0.144531 0.382812 0.134766 0.388672 0.136719 0.398438 0.146484 0.406250 0.175781 0.408203 0.199219 0.419922 0.234375 0.419922 0.248047 0.408203 0.273438 0.396484 0.277344 0.390625 0.287109 0.388672 0.291016 0.382812 0.310547 0.375000
1 0.435547 0.367188 0.416016 0.343750 0.402344 0.337891 0.375000 0.333984 0.367188 0.339844 0.359375 0.339844 0.349609 0.345703 0.320312 0.378906 0.310547 0.380859 0.279297 0.402344 0.267578 0.404297 0.261719 0.412109 0.253906 0.412109 0.248047 0.417969 0.248047 0.423828 0.244141 0.425781 0.248047 0.453125 0.257812 0.458984 0.283203 0.458984 0.308594 0.449219 0.351562 0.451172 0.371094 0.462891 0.384766 0.462891 0.406250 0.476562 0.429688 0.476562 0.437500 0.466797 0.441406 0.429688 0.445312 0.427734 0.445312 0.396484
1 0.699219 0.441406 0.699219 0.468750 0.734375 0.486328 0.771484 0.486328 0.789062 0.476562 0.808594 0.476562 0.818359 0.486328 0.816406 0.496094 0.826172 0.500000 0.828125 0.507812 0.875000 0.507812 0.886719 0.478516 0.888672 0.457031 0.896484 0.443359 0.896484 0.431641 0.906250 0.425781 0.906250 0.390625 0.902344 0.390625 0.873047 0.361328 0.851562 0.351562 0.847656 0.339844 0.814453 0.339844 0.814453 0.345703 0.808594 0.351562 0.781250 0.361328 0.753906 0.376953 0.720703 0.416016 0.712891 0.433594 0.705078 0.441406
1 0.605469 0.425781 0.556641 0.425781 0.556641 0.431641 0.550781 0.437500 0.531250 0.447266 0.521484 0.447266 0.488281 0.470703 0.480469 0.470703 0.480469 0.517578 0.492188 0.525391 0.500000 0.556641 0.519531 0.585938 0.589844 0.585938 0.591797 0.578125 0.603516 0.574219 0.623047 0.554688 0.630859 0.554688 0.640625 0.533203 0.658203 0.513672 0.664062 0.513672 0.664062 0.486328 0.652344 0.478516 0.628906 0.449219 0.605469 0.431641
1 0.275391 0.490234 0.273438 0.507812 0.279297 0.521484 0.296875 0.541016 0.365234 0.544922 0.376953 0.550781 0.394531 0.570312 0.394531 0.562500 0.406250 0.544922 0.406250 0.537109 0.414062 0.529297 0.416016 0.507812 0.408203 0.501953 0.398438 0.478516 0.380859 0.468750 0.349609 0.466797 0.341797 0.472656 0.294922 0.478516
1 0.142578 0.404297 0.142578 0.408203 0.128906 0.421875 0.113281 0.429688 0.097656 0.429688 0.097656 0.583984 0.109375 0.591797 0.111328 0.609375 0.125000 0.625000 0.146484 0.636719 0.185547 0.640625 0.189453 0.648438 0.193359 0.648438 0.195312 0.640625 0.212891 0.638672 0.232422 0.613281 0.232422 0.572266 0.242188 0.566406 0.242188 0.527344 0.236328 0.527344 0.228516 0.519531 0.226562 0.511719 0.242188 0.500000 0.242188 0.455078 0.232422 0.451172 0.232422 0.441406 0.224609 0.433594 0.183594 0.423828 0.166016 0.423828 0.158203 0.417969 0.150391 0.417969 0.142578 0.410156
1 0.941406 0.498047 0.933594 0.505859 0.933594 0.513672 0.929688 0.515625 0.929688 0.523438 0.921875 0.535156 0.923828 0.558594 0.927734 0.562500 0.931641 0.582031 0.945312 0.587891 0.986328 0.628906 0.998047 0.634766 0.998047 0.509766 0.968750 0.498047
1 0.253906 0.554688 0.253906 0.560547 0.244141 0.574219 0.244141 0.605469 0.240234 0.607422 0.240234 0.619141 0.250000 0.630859 0.322266 0.646484 0.351562 0.640625 0.357422 0.634766 0.363281 0.617188 0.369141 0.613281 0.373047 0.599609 0.382812 0.587891 0.382812 0.568359 0.369141 0.552734 0.359375 0.550781 0.357422 0.546875 0.304688 0.548828 0.289062 0.542969 0.273438 0.542969 0.261719 0.546875
1 0.605469 0.574219 0.605469 0.580078 0.599609 0.585938 0.558594 0.605469 0.550781 0.615234 0.537109 0.646484 0.527344 0.650391 0.527344 0.691406 0.533203 0.691406 0.542969 0.707031 0.605469 0.757812 0.628906 0.796875 0.646484 0.796875 0.650391 0.785156 0.675781 0.761719 0.679688 0.761719 0.679688 0.648438 0.671875 0.646484 0.669922 0.625000 0.658203 0.601562 0.648438 0.591797 0.628906 0.583984 0.625000 0.574219
1 0.296875 0.656250 0.283203 0.654297 0.279297 0.644531 0.212891 0.644531 0.208984 0.654297 0.199219 0.656250 0.179688 0.673828 0.171875 0.693359 0.160156 0.705078 0.150391 0.705078 0.132812 0.695312 0.109375 0.695312 0.095703 0.708984 0.095703 0.744141 0.085938 0.750000 0.082031 0.800781 0.095703 0.802734 0.101562 0.812500 0.199219 0.812500 0.199219 0.806641 0.230469 0.781250 0.242188 0.755859 0.244141 0.728516 0.253906 0.714844 0.253906 0.705078 0.261719 0.697266 0.277344 0.697266 0.291016 0.681641 0.296875 0.681641
1 0.000000 0.675781 0.000000 0.798828 0.017578 0.798828 0.011719 0.794922 0.019531 0.787109 0.035156 0.792969 0.068359 0.791016 0.082031 0.769531 0.083984 0.750000 0.093750 0.744141 0.093750 0.695312 0.085938 0.695312 0.070312 0.681641 0.070312 0.675781
1 0.404297 0.685547 0.394531 0.683594 0.386719 0.673828 0.359375 0.662109 0.324219 0.662109 0.310547 0.673828 0.275391 0.720703 0.265625 0.748047 0.257812 0.753906 0.257812 0.759766 0.248047 0.767578 0.246094 0.777344 0.216797 0.814453 0.216797 0.832031 0.230469 0.863281 0.349609 0.865234 0.359375 0.857422 0.388672 0.849609 0.394531 0.841797 0.400391 0.841797 0.406250 0.835938 0.406250 0.824219 0.416016 0.808594 0.416016 0.796875 0.421875 0.787109 0.421875 0.750000 0.417969 0.726562 0.414062 0.722656 0.414062 0.697266
1 0.000000 0.800781 0.001953 0.886719 0.015625 0.902344 0.025391 0.904297 0.050781 0.925781 0.058594 0.925781 0.062500 0.929688 0.082031 0.925781 0.089844 0.902344 0.089844 0.875000 0.093750 0.873047 0.093750 0.861328 0.097656 0.859375 0.097656 0.820312 0.064453 0.804688
1 0.996094 0.814453 0.958984 0.802734 0.955078 0.792969 0.935547 0.792969 0.931641 0.802734 0.896484 0.812500 0.861328 0.832031 0.841797 0.861328 0.835938 0.888672 0.835938 0.916016 0.830078 0.935547 0.822266 0.945312 0.816406 0.945312 0.816406 0.970703 0.826172 0.976562 0.826172 0.996094 0.966797 0.998047 0.988281 0.996094 0.996094 0.988281
1 0.396484 0.869141 0.384766 0.861328 0.371094 0.861328 0.353516 0.869141 0.283203 0.869141 0.255859 0.884766 0.244141 0.921875 0.248047 0.974609 0.255859 0.984375 0.292969 0.982422 0.306641 0.986328 0.316406 0.994141 0.380859 0.992188 0.398438 0.976562 0.402344 0.966797 0.410156 0.960938 0.412109 0.951172 0.410156 0.921875 0.406250 0.917969 0.406250 0.886719
3 0.998047 0.650391 0.976562 0.722656 0.953125 0.753906 0.873047 0.792969 0.804688 0.804688 0.777344 0.804688 0.720703 0.824219 0.712891 0.833984 0.740234 0.835938 0.787109 0.824219 0.812500 0.824219 0.824219 0.830078 0.826172 0.837891 0.837891 0.845703 0.837891 0.832031 0.857422 0.820312 0.890625 0.814453 0.935547 0.791016 0.957031 0.789062 0.998047 0.808594
3 0.351562 0.650391 0.361328 0.660156 0.376953 0.660156 0.384766 0.605469 0.398438 0.589844 0.414062 0.550781 0.429688 0.535156 0.433594 0.507812 0.455078 0.490234 0.468750 0.470703 0.480469 0.468750 0.501953 0.451172 0.515625 0.447266 0.529297 0.429688 0.558594 0.421875 0.611328 0.423828 0.625000 0.439453 0.644531 0.449219 0.652344 0.468750 0.660156 0.468750 0.669922 0.476562 0.673828 0.507812 0.677734 0.511719 0.683594 0.472656 0.693359 0.470703 0.687500 0.455078 0.697266 0.447266 0.701172 0.431641 0.716797 0.419922 0.730469 0.398438 0.755859 0.373047 0.791016 0.355469 0.796875 0.347656 0.810547 0.345703 0.814453 0.337891 0.857422 0.330078 0.869141 0.320312 0.873047 0.306641 0.882812 0.306641 0.800781 0.300781 0.773438 0.291016 0.761719 0.275391 0.722656 0.275391 0.710938 0.271484 0.701172 0.261719 0.701172 0.271484 0.691406 0.287109 0.691406 0.322266 0.681641 0.359375 0.666016 0.375000 0.658203 0.375000 0.640625 0.394531 0.611328 0.404297 0.578125 0.404297 0.562500 0.394531 0.556641 0.380859 0.521484 0.345703 0.521484 0.339844 0.501953 0.316406 0.490234 0.316406 0.476562 0.324219 0.457031 0.324219 0.439453 0.314453 0.417969 0.312500 0.410156 0.306641 0.414062 0.244141 0.394531 0.197266 0.386719 0.193359 0.382812 0.207031 0.394531 0.242188 0.396484 0.308594 0.388672 0.320312 0.375000 0.324219 0.375000 0.328125 0.414062 0.330078 0.435547 0.349609 0.449219 0.375000 0.449219 0.423828 0.443359 0.464844 0.429688 0.498047 0.419922 0.507812 0.414062 0.542969 0.408203 0.546875 0.400391 0.570312 0.384766 0.583984 0.375000 0.621094 0.351562 0.642578
3 0.000000 0.076172 0.000000 0.195312 0.007812 0.195312 0.039062 0.175781 0.041016 0.166016 0.072266 0.166016 0.072266 0.146484 0.087891 0.142578 0.076172 0.132812 0.042969 0.121094 0.019531 0.105469
