0 0.568359 0.027344 0.556641 0.039062 0.556641 0.042969 0.552734 0.048828 0.552734 0.060547 0.556641 0.064453 0.562500 0.078125 0.570312 0.082031 0.576172 0.087891 0.603516 0.087891 0.611328 0.083984 0.623047 0.068359 0.623047 0.048828 0.621094 0.044922 0.611328 0.035156 0.597656 0.025391 0.576172 0.025391 0.574219 0.027344
0 0.318359 0.152344 0.310547 0.164062 0.310547 0.173828 0.308594 0.175781 0.310547 0.177734 0.310547 0.187500 0.314453 0.195312 0.318359 0.199219 0.326172 0.199219 0.333984 0.187500 0.333984 0.164062 0.326172 0.152344
0 0.078125 0.193359 0.068359 0.203125 0.068359 0.207031 0.064453 0.212891 0.064453 0.230469 0.070312 0.242188 0.076172 0.244141 0.083984 0.250000 0.107422 0.250000 0.123047 0.234375 0.123047 0.208984 0.113281 0.195312 0.099609 0.189453 0.087891 0.189453 0.082031 0.193359
0 0.654297 0.214844 0.648438 0.224609 0.640625 0.232422 0.640625 0.251953 0.652344 0.269531 0.656250 0.269531 0.666016 0.275391 0.689453 0.273438 0.703125 0.257812 0.703125 0.232422 0.701172 0.228516 0.683594 0.212891 0.658203 0.212891
0 0.929688 0.251953 0.914062 0.267578 0.914062 0.279297 0.912109 0.281250 0.916016 0.289062 0.916016 0.294922 0.929688 0.308594 0.937500 0.308594 0.939453 0.310547 0.953125 0.310547 0.955078 0.308594 0.958984 0.308594 0.970703 0.296875 0.970703 0.271484 0.968750 0.267578 0.960938 0.259766 0.949219 0.251953
0 0.798828 0.279297 0.794922 0.287109 0.794922 0.296875 0.798828 0.304688 0.800781 0.304688 0.810547 0.314453 0.832031 0.316406 0.837891 0.312500 0.845703 0.310547 0.853516 0.300781 0.853516 0.283203 0.843750 0.271484 0.837891 0.271484 0.828125 0.267578 0.816406 0.267578 0.814453 0.269531 0.810547 0.269531 0.800781 0.279297
0 0.787109 0.394531 0.773438 0.408203 0.773438 0.433594 0.787109 0.447266 0.792969 0.447266 0.794922 0.449219 0.814453 0.449219 0.826172 0.443359 0.830078 0.439453 0.837891 0.423828 0.837891 0.412109 0.833984 0.404297 0.828125 0.398438 0.812500 0.390625 0.798828 0.390625 0.796875 0.392578
0 0.000000 0.416016 0.000000 0.468750 0.009766 0.468750 0.017578 0.464844 0.023438 0.458984 0.027344 0.451172 0.027344 0.433594 0.023438 0.425781 0.017578 0.419922 0.009766 0.416016
0 0.705078 0.423828 0.695312 0.433594 0.691406 0.441406 0.691406 0.457031 0.701172 0.466797 0.701172 0.468750 0.705078 0.470703 0.730469 0.470703 0.734375 0.468750 0.748047 0.455078 0.748047 0.433594 0.736328 0.421875 0.730469 0.421875 0.728516 0.419922 0.716797 0.419922 0.714844 0.421875
0 0.513672 0.445312 0.509766 0.447266 0.500000 0.458984 0.500000 0.476562 0.501953 0.480469 0.513672 0.490234 0.529297 0.490234 0.533203 0.488281 0.542969 0.476562 0.542969 0.458984 0.541016 0.455078 0.529297 0.445312
0 0.792969 0.556641 0.781250 0.562500 0.781250 0.564453 0.773438 0.572266 0.773438 0.591797 0.771484 0.593750 0.783203 0.609375 0.787109 0.609375 0.789062 0.611328 0.808594 0.611328 0.822266 0.601562 0.828125 0.589844 0.828125 0.574219 0.814453 0.558594
0 0.355469 0.634766 0.347656 0.642578 0.337891 0.648438 0.337891 0.652344 0.333984 0.658203 0.333984 0.669922 0.339844 0.679688 0.339844 0.683594 0.347656 0.687500 0.367188 0.687500 0.375000 0.683594 0.380859 0.675781 0.384766 0.666016 0.384766 0.654297 0.375000 0.640625 0.363281 0.634766
0 0.757812 0.677734 0.759766 0.679688 0.759766 0.689453 0.761719 0.689453 0.773438 0.701172 0.777344 0.701172 0.779297 0.703125 0.812500 0.703125 0.820312 0.699219 0.832031 0.687500 0.832031 0.673828 0.818359 0.660156 0.814453 0.660156 0.812500 0.658203 0.775391 0.658203 0.761719 0.671875 0.759766 0.671875 0.759766 0.675781
0 0.292969 0.658203 0.285156 0.664062 0.279297 0.666016 0.271484 0.681641 0.271484 0.691406 0.273438 0.693359 0.275391 0.703125 0.287109 0.712891 0.312500 0.712891 0.318359 0.708984 0.328125 0.697266 0.328125 0.671875 0.326172 0.667969 0.314453 0.658203
0 0.384766 0.669922 0.382812 0.675781 0.376953 0.681641 0.376953 0.707031 0.394531 0.724609 0.423828 0.724609 0.427734 0.722656 0.437500 0.710938 0.437500 0.681641 0.421875 0.666016 0.417969 0.666016 0.416016 0.664062 0.394531 0.664062 0.388672 0.669922
0 0.505859 0.875000 0.500000 0.880859 0.494141 0.892578 0.494141 0.914062 0.498047 0.917969 0.501953 0.927734 0.503906 0.927734 0.511719 0.935547 0.515625 0.935547 0.517578 0.937500 0.539062 0.937500 0.546875 0.933594 0.558594 0.919922 0.560547 0.896484 0.556641 0.886719 0.539062 0.871094 0.515625 0.871094 0.509766 0.875000
0 0.064453 0.917969 0.050781 0.931641 0.050781 0.935547 0.046875 0.941406 0.046875 0.955078 0.050781 0.960938 0.050781 0.964844 0.052734 0.964844 0.070312 0.980469 0.085938 0.980469 0.087891 0.978516 0.097656 0.976562 0.111328 0.958984 0.111328 0.941406 0.109375 0.939453 0.109375 0.935547 0.089844 0.917969
1 0.404297 0.136719 0.408203 0.160156 0.419922 0.169922 0.466797 0.162109 0.587891 0.164062 0.603516 0.169922 0.638672 0.169922 0.660156 0.160156 0.673828 0.146484 0.687500 0.125000 0.687500 0.115234 0.697266 0.095703 0.695312 0.044922 0.681641 0.011719 0.666016 0.000000 0.470703 0.000000 0.466797 0.005859 0.460938 0.005859 0.449219 0.015625 0.447266 0.031250 0.429688 0.050781 0.429688 0.064453 0.419922 0.076172 0.417969 0.105469 0.408203 0.117188
1 0.382812 0.076172 0.363281 0.072266 0.322266 0.072266 0.314453 0.068359 0.296875 0.068359 0.292969 0.074219 0.292969 0.111328 0.296875 0.121094 0.294922 0.138672 0.300781 0.189453 0.308594 0.212891 0.322266 0.220703 0.337891 0.214844 0.343750 0.207031 0.365234 0.201172 0.388672 0.175781 0.388672 0.083984
1 0.033203 0.160156 0.031250 0.191406 0.037109 0.212891 0.054688 0.242188 0.066406 0.253906 0.091797 0.263672 0.101562 0.275391 0.107422 0.271484 0.115234 0.279297 0.164062 0.277344 0.189453 0.269531 0.218750 0.250000 0.218750 0.244141 0.197266 0.226562 0.179688 0.220703 0.140625 0.185547 0.117188 0.173828 0.109375 0.164062 0.083984 0.154297 0.068359 0.140625 0.048828 0.142578 0.046875 0.148438
1 0.792969 0.156250 0.785156 0.152344 0.771484 0.152344 0.750000 0.158203 0.699219 0.185547 0.691406 0.185547 0.664062 0.199219 0.642578 0.222656 0.634766 0.246094 0.632812 0.287109 0.623047 0.294922 0.623047 0.300781 0.615234 0.304688 0.615234 0.320312 0.595703 0.357422 0.591797 0.406250 0.597656 0.414062 0.632812 0.414062 0.718750 0.367188 0.761719 0.324219 0.765625 0.314453 0.781250 0.300781 0.796875 0.275391 0.822266 0.255859 0.830078 0.240234 0.830078 0.214844 0.812500 0.177734
1 0.939453 0.212891 0.929688 0.212891 0.906250 0.220703 0.904297 0.224609 0.882812 0.224609 0.875000 0.242188 0.853516 0.255859 0.875000 0.326172 0.880859 0.326172 0.894531 0.335938 0.908203 0.339844 0.941406 0.339844 0.943359 0.335938 0.951172 0.335938 0.966797 0.324219 0.982422 0.318359 0.990234 0.308594 0.992188 0.281250 0.980469 0.242188 0.966797 0.226562 0.955078 0.224609
1 0.833984 0.255859 0.828125 0.261719 0.804688 0.269531 0.791016 0.285156 0.791016 0.298828 0.798828 0.312500 0.832031 0.322266 0.839844 0.332031 0.839844 0.351562 0.857422 0.355469 0.865234 0.349609 0.867188 0.332031 0.859375 0.314453 0.855469 0.275391 0.845703 0.257812
1 0.789062 0.324219 0.777344 0.333984 0.767578 0.335938 0.726562 0.376953 0.726562 0.384766 0.763672 0.404297 0.798828 0.437500 0.828125 0.439453 0.826172 0.400391 0.832031 0.392578 0.833984 0.335938 0.822266 0.324219
1 0.105469 0.298828 0.080078 0.291016 0.052734 0.291016 0.015625 0.300781 0.000000 0.308594 0.000000 0.562500 0.003906 0.564453 0.027344 0.560547 0.042969 0.544922 0.082031 0.541016 0.121094 0.525391 0.136719 0.509766 0.140625 0.484375 0.169922 0.478516 0.183594 0.464844 0.187500 0.451172 0.205078 0.433594 0.208984 0.421875 0.205078 0.394531 0.185547 0.375000 0.169922 0.369141 0.162109 0.361328 0.154297 0.333984 0.134766 0.314453
1 0.335938 0.462891 0.332031 0.478516 0.333984 0.500000 0.345703 0.515625 0.345703 0.521484 0.359375 0.537109 0.363281 0.552734 0.369141 0.558594 0.416016 0.556641 0.421875 0.550781 0.490234 0.542969 0.492188 0.539062 0.521484 0.531250 0.529297 0.519531 0.529297 0.511719 0.544922 0.488281 0.546875 0.474609 0.544922 0.451172 0.525391 0.437500 0.488281 0.437500 0.466797 0.433594 0.455078 0.423828 0.433594 0.416016 0.429688 0.410156 0.396484 0.402344 0.376953 0.402344 0.365234 0.427734 0.355469 0.435547 0.349609 0.449219
1 0.705078 0.392578 0.685547 0.396484 0.650391 0.417969 0.630859 0.439453 0.626953 0.449219 0.626953 0.464844 0.632812 0.498047 0.658203 0.550781 0.681641 0.572266 0.697266 0.578125 0.705078 0.585938 0.730469 0.585938 0.742188 0.580078 0.779297 0.544922 0.785156 0.525391 0.796875 0.511719 0.804688 0.460938 0.798828 0.443359 0.767578 0.414062 0.742188 0.398438
1 0.876953 0.521484 0.843750 0.505859 0.828125 0.505859 0.824219 0.501953 0.810547 0.505859 0.802734 0.515625 0.794922 0.539062 0.736328 0.597656 0.734375 0.607422 0.738281 0.619141 0.744141 0.625000 0.755859 0.626953 0.767578 0.636719 0.785156 0.640625 0.824219 0.640625 0.845703 0.626953 0.867188 0.603516 0.882812 0.564453 0.882812 0.533203
1 0.482422 0.550781 0.462891 0.550781 0.460938 0.554688 0.441406 0.560547 0.402344 0.560547 0.388672 0.564453 0.376953 0.574219 0.355469 0.582031 0.347656 0.589844 0.347656 0.605469 0.343750 0.607422 0.343750 0.615234 0.339844 0.619141 0.337891 0.646484 0.333984 0.648438 0.333984 0.666016 0.347656 0.691406 0.359375 0.691406 0.394531 0.658203 0.406250 0.658203 0.408203 0.654297 0.419922 0.652344 0.445312 0.628906 0.458984 0.611328 0.462891 0.599609 0.484375 0.576172 0.486328 0.554688
1 0.542969 0.562500 0.523438 0.554688 0.505859 0.554688 0.476562 0.591797 0.464844 0.619141 0.449219 0.630859 0.445312 0.640625 0.427734 0.658203 0.400391 0.660156 0.378906 0.677734 0.367188 0.695312 0.363281 0.695312 0.375000 0.748047 0.380859 0.753906 0.390625 0.753906 0.410156 0.746094 0.437500 0.744141 0.458984 0.732422 0.486328 0.732422 0.498047 0.740234 0.525391 0.738281 0.546875 0.720703 0.554688 0.707031 0.562500 0.707031 0.570312 0.699219 0.570312 0.693359 0.576172 0.689453 0.582031 0.658203 0.580078 0.607422 0.570312 0.597656 0.570312 0.591797
1 0.126953 0.673828 0.136719 0.687500 0.146484 0.691406 0.146484 0.705078 0.150391 0.710938 0.156250 0.712891 0.181641 0.742188 0.195312 0.751953 0.195312 0.755859 0.214844 0.777344 0.261719 0.779297 0.269531 0.783203 0.294922 0.781250 0.300781 0.785156 0.306641 0.779297 0.345703 0.773438 0.363281 0.755859 0.363281 0.738281 0.341797 0.701172 0.332031 0.662109 0.318359 0.648438 0.185547 0.650391 0.179688 0.654297 0.160156 0.654297 0.136719 0.660156
1 0.832031 0.656250 0.785156 0.652344 0.771484 0.664062 0.769531 0.669922 0.765625 0.664062 0.744141 0.685547 0.734375 0.685547 0.734375 0.701172 0.730469 0.705078 0.724609 0.701172 0.720703 0.707031 0.712891 0.707031 0.710938 0.714844 0.703125 0.714844 0.701172 0.730469 0.683594 0.742188 0.681641 0.750000 0.669922 0.761719 0.671875 0.800781 0.691406 0.830078 0.693359 0.845703 0.701172 0.853516 0.701172 0.865234 0.710938 0.876953 0.708984 0.886719 0.718750 0.902344 0.720703 0.919922 0.744141 0.949219 0.753906 0.951172 0.761719 0.958984 0.775391 0.957031 0.775391 0.945312 0.783203 0.931641 0.783203 0.921875 0.796875 0.910156 0.800781 0.900391 0.812500 0.894531 0.830078 0.875000 0.853516 0.867188 0.878906 0.841797 0.890625 0.812500 0.908203 0.796875 0.908203 0.791016 0.916016 0.783203 0.921875 0.761719 0.912109 0.753906 0.912109 0.750000 0.906250 0.744141 0.898438 0.744141 0.884766 0.728516 0.878906 0.708984 0.867188 0.710938 0.861328 0.705078 0.867188 0.691406 0.863281 0.675781 0.851562 0.664062
1 0.734375 0.996094 0.718750 0.968750 0.697266 0.947266 0.697266 0.927734 0.683594 0.910156 0.683594 0.898438 0.658203 0.867188 0.628906 0.861328 0.593750 0.861328 0.589844 0.865234 0.564453 0.865234 0.558594 0.871094 0.441406 0.880859 0.417969 0.886719 0.375000 0.908203 0.343750 0.929688 0.300781 0.974609 0.289062 0.978516 0.281250 0.988281 0.283203 0.998047
1 0.000000 0.890625 0.000000 0.998047 0.125000 0.998047 0.128906 0.972656 0.119141 0.941406 0.119141 0.929688 0.109375 0.912109 0.070312 0.910156 0.060547 0.917969 0.050781 0.910156 0.035156 0.908203 0.019531 0.896484
3 0.603516 0.431641 0.550781 0.427734 0.546875 0.431641 0.546875 0.449219 0.556641 0.457031 0.552734 0.468750 0.554688 0.486328 0.533203 0.533203 0.535156 0.542969 0.546875 0.556641 0.554688 0.558594 0.572266 0.580078 0.595703 0.589844 0.613281 0.607422 0.626953 0.634766 0.619141 0.656250 0.607422 0.660156 0.597656 0.669922 0.587891 0.712891 0.570312 0.720703 0.558594 0.736328 0.527344 0.744141 0.519531 0.751953 0.496094 0.761719 0.486328 0.771484 0.480469 0.791016 0.458984 0.796875 0.443359 0.806641 0.400391 0.857422 0.388672 0.857422 0.376953 0.873047 0.320312 0.904297 0.310547 0.914062 0.306641 0.931641 0.283203 0.955078 0.265625 0.962891 0.259766 0.970703 0.238281 0.976562 0.224609 0.986328 0.136719 0.982422 0.134766 0.992188 0.144531 0.998047 0.269531 0.998047 0.269531 0.992188 0.289062 0.974609 0.289062 0.966797 0.318359 0.941406 0.328125 0.917969 0.353516 0.906250 0.361328 0.896484 0.375000 0.892578 0.398438 0.871094 0.408203 0.871094 0.416016 0.863281 0.441406 0.871094 0.517578 0.863281 0.550781 0.853516 0.585938 0.832031 0.597656 0.837891 0.632812 0.833984 0.648438 0.818359 0.648438 0.769531 0.660156 0.755859 0.671875 0.712891 0.703125 0.677734 0.708984 0.650391 0.730469 0.646484 0.730469 0.628906 0.724609 0.617188 0.701172 0.593750 0.691406 0.589844 0.683594 0.576172 0.654297 0.548828 0.650391 0.537109 0.621094 0.519531 0.623047 0.490234 0.615234 0.478516 0.615234 0.447266
3 0.380859 0.203125 0.369141 0.203125 0.357422 0.220703 0.337891 0.224609 0.330078 0.234375 0.316406 0.220703 0.300781 0.220703 0.289062 0.228516 0.279297 0.248047 0.279297 0.255859 0.287109 0.263672 0.285156 0.298828 0.263672 0.332031 0.263672 0.345703 0.251953 0.365234 0.250000 0.378906 0.232422 0.388672 0.208984 0.427734 0.207031 0.441406 0.171875 0.480469 0.140625 0.501953 0.138672 0.511719 0.123047 0.527344 0.066406 0.550781 0.056641 0.562500 0.037109 0.568359 0.023438 0.580078 0.041016 0.613281 0.041016 0.642578 0.052734 0.654297 0.039062 0.707031 0.048828 0.720703 0.058594 0.720703 0.070312 0.710938 0.078125 0.687500 0.091797 0.675781 0.097656 0.664062 0.097656 0.640625 0.087891 0.621094 0.091797 0.607422 0.107422 0.593750 0.123047 0.564453 0.138672 0.550781 0.152344 0.527344 0.169922 0.509766 0.179688 0.482422 0.203125 0.466797 0.216797 0.451172 0.240234 0.449219 0.257812 0.437500 0.273438 0.435547 0.296875 0.423828 0.298828 0.414062 0.291016 0.410156 0.296875 0.400391 0.316406 0.400391 0.343750 0.380859 0.373047 0.369141 0.382812 0.378906 0.402344 0.382812 0.429688 0.398438 0.439453 0.398438 0.447266 0.406250 0.455078 0.406250 0.490234 0.425781 0.511719 0.425781 0.509766 0.417969 0.500000 0.417969 0.445312 0.390625 0.443359 0.382812 0.419922 0.369141 0.414062 0.355469 0.392578 0.335938 0.394531 0.322266 0.380859 0.298828 0.369141 0.257812 0.386719 0.222656 0.386719 0.208984
