0 0.109375 0.000000 0.109375 0.001953 0.097656 0.013672 0.097656 0.019531 0.093750 0.027344 0.095703 0.029297 0.095703 0.041016 0.103516 0.056641 0.111328 0.064453 0.115234 0.064453 0.125000 0.070312 0.146484 0.070312 0.162109 0.062500 0.166016 0.058594 0.171875 0.046875 0.171875 0.023438 0.166016 0.011719 0.152344 0.000000
0 0.425781 0.039062 0.421875 0.041016 0.412109 0.052734 0.412109 0.070312 0.414062 0.074219 0.425781 0.083984 0.445312 0.083984 0.449219 0.082031 0.458984 0.070312 0.458984 0.052734 0.457031 0.048828 0.445312 0.039062
0 0.011719 0.125000 0.000000 0.134766 0.000000 0.167969 0.011719 0.177734 0.029297 0.177734 0.042969 0.166016 0.042969 0.162109 0.044922 0.160156 0.044922 0.142578 0.042969 0.140625 0.042969 0.136719 0.033203 0.126953 0.029297 0.125000
0 0.851562 0.236328 0.847656 0.238281 0.847656 0.240234 0.837891 0.250000 0.837891 0.271484 0.835938 0.273438 0.841797 0.279297 0.849609 0.292969 0.869141 0.294922 0.875000 0.291016 0.884766 0.279297 0.884766 0.255859 0.871094 0.238281
0 0.382812 0.291016 0.376953 0.294922 0.371094 0.302734 0.371094 0.320312 0.375000 0.326172 0.382812 0.332031 0.400391 0.332031 0.406250 0.328125 0.412109 0.320312 0.412109 0.302734 0.408203 0.296875 0.400391 0.291016
0 0.166016 0.322266 0.156250 0.330078 0.152344 0.337891 0.152344 0.347656 0.150391 0.349609 0.152344 0.351562 0.152344 0.361328 0.156250 0.369141 0.162109 0.375000 0.166016 0.376953 0.177734 0.376953 0.181641 0.375000 0.189453 0.365234 0.189453 0.361328 0.191406 0.359375 0.191406 0.337891 0.187500 0.330078 0.181641 0.324219 0.177734 0.322266
0 0.203125 0.347656 0.195312 0.353516 0.191406 0.361328 0.191406 0.382812 0.199219 0.394531 0.203125 0.396484 0.214844 0.396484 0.222656 0.390625 0.226562 0.382812 0.226562 0.361328 0.218750 0.349609 0.214844 0.347656
0 0.830078 0.408203 0.816406 0.421875 0.814453 0.421875 0.814453 0.445312 0.812500 0.447266 0.820312 0.455078 0.828125 0.466797 0.832031 0.466797 0.839844 0.470703 0.855469 0.470703 0.873047 0.455078 0.873047 0.429688 0.861328 0.414062 0.853516 0.412109 0.847656 0.408203
0 0.177734 0.457031 0.173828 0.458984 0.164062 0.470703 0.164062 0.488281 0.166016 0.492188 0.177734 0.501953 0.197266 0.501953 0.201172 0.500000 0.210938 0.488281 0.210938 0.470703 0.208984 0.466797 0.197266 0.457031
0 0.730469 0.566406 0.730469 0.568359 0.718750 0.580078 0.720703 0.582031 0.720703 0.601562 0.734375 0.611328 0.753906 0.611328 0.765625 0.597656 0.765625 0.580078 0.763672 0.576172 0.753906 0.566406
0 0.261719 0.611328 0.246094 0.625000 0.244141 0.625000 0.244141 0.634766 0.240234 0.644531 0.242188 0.646484 0.246094 0.662109 0.253906 0.669922 0.275391 0.671875 0.292969 0.656250 0.294922 0.632812 0.291016 0.623047 0.281250 0.613281 0.277344 0.611328
0 0.101562 0.625000 0.095703 0.628906 0.091797 0.628906 0.082031 0.638672 0.082031 0.644531 0.076172 0.656250 0.078125 0.658203 0.078125 0.667969 0.082031 0.675781 0.083984 0.675781 0.097656 0.689453 0.119141 0.689453 0.136719 0.673828 0.138672 0.669922 0.138672 0.650391 0.134766 0.640625 0.125000 0.630859 0.111328 0.625000
0 0.205078 0.685547 0.201172 0.693359 0.201172 0.703125 0.212891 0.718750 0.216797 0.720703 0.242188 0.720703 0.248047 0.716797 0.257812 0.705078 0.257812 0.691406 0.242188 0.675781 0.218750 0.675781 0.212891 0.681641
0 0.029297 0.769531 0.019531 0.779297 0.017578 0.779297 0.015625 0.785156 0.011719 0.789062 0.011719 0.806641 0.015625 0.814453 0.025391 0.820312 0.033203 0.828125 0.052734 0.828125 0.062500 0.824219 0.076172 0.806641 0.076172 0.792969 0.074219 0.791016 0.074219 0.787109 0.054688 0.769531
0 0.380859 0.832031 0.373047 0.835938 0.365234 0.843750 0.361328 0.851562 0.361328 0.859375 0.359375 0.861328 0.361328 0.863281 0.361328 0.871094 0.365234 0.878906 0.373047 0.886719 0.380859 0.890625 0.400391 0.890625 0.408203 0.886719 0.416016 0.878906 0.419922 0.871094 0.419922 0.851562 0.416016 0.843750 0.408203 0.835938 0.400391 0.832031
0 0.015625 0.869141 0.000000 0.880859 0.000000 0.916016 0.011719 0.923828 0.031250 0.923828 0.035156 0.921875 0.046875 0.908203 0.046875 0.886719 0.035156 0.871094
0 0.740234 0.894531 0.738281 0.898438 0.738281 0.912109 0.744141 0.919922 0.751953 0.923828 0.769531 0.923828 0.777344 0.919922 0.783203 0.912109 0.783203 0.898438 0.781250 0.894531 0.769531 0.886719 0.751953 0.886719
1 0.398438 0.033203 0.396484 0.050781 0.386719 0.064453 0.400391 0.078125 0.402344 0.087891 0.410156 0.097656 0.445312 0.113281 0.449219 0.119141 0.466797 0.128906 0.494141 0.126953 0.505859 0.128906 0.513672 0.134766 0.539062 0.134766 0.558594 0.128906 0.558594 0.105469 0.544922 0.076172 0.531250 0.056641 0.525391 0.037109 0.525391 0.021484 0.515625 0.000000 0.449219 0.000000 0.414062 0.017578
1 0.060547 0.015625 0.031250 0.046875 0.017578 0.068359 0.013672 0.087891 0.015625 0.111328 0.021484 0.117188 0.033203 0.119141 0.054688 0.138672 0.058594 0.150391 0.070312 0.166016 0.107422 0.205078 0.128906 0.220703 0.142578 0.242188 0.156250 0.250000 0.179688 0.250000 0.199219 0.244141 0.228516 0.242188 0.265625 0.199219 0.267578 0.191406 0.263672 0.156250 0.251953 0.126953 0.250000 0.107422 0.234375 0.078125 0.214844 0.066406 0.208984 0.066406 0.173828 0.041016 0.166016 0.011719 0.158203 0.000000 0.111328 0.000000 0.097656 0.007812 0.078125 0.007812 0.066406 0.015625
1 0.000000 0.121094 0.000000 0.306641 0.003906 0.314453 0.009766 0.318359 0.037109 0.318359 0.072266 0.312500 0.105469 0.302734 0.121094 0.292969 0.140625 0.273438 0.136719 0.248047 0.126953 0.230469 0.101562 0.201172 0.083984 0.189453 0.060547 0.164062 0.046875 0.136719 0.033203 0.121094
1 0.767578 0.197266 0.763672 0.210938 0.765625 0.226562 0.791016 0.248047 0.794922 0.259766 0.826172 0.271484 0.855469 0.304688 0.882812 0.328125 0.914062 0.345703 0.939453 0.343750 0.951172 0.335938 0.955078 0.324219 0.953125 0.302734 0.941406 0.269531 0.933594 0.257812 0.923828 0.255859 0.910156 0.240234 0.896484 0.234375 0.882812 0.220703 0.869141 0.214844 0.851562 0.214844 0.843750 0.208984 0.835938 0.208984 0.822266 0.197266 0.806641 0.193359 0.777344 0.193359
1 0.318359 0.289062 0.318359 0.296875 0.328125 0.316406 0.347656 0.328125 0.376953 0.335938 0.431641 0.333984 0.464844 0.322266 0.488281 0.304688 0.492188 0.296875 0.494141 0.269531 0.478516 0.263672 0.361328 0.263672 0.333984 0.269531 0.322266 0.279297
1 0.189453 0.320312 0.183594 0.314453 0.175781 0.314453 0.171875 0.298828 0.156250 0.298828 0.113281 0.308594 0.064453 0.328125 0.052734 0.328125 0.041016 0.333984 0.007812 0.339844 0.000000 0.343750 0.000000 0.402344 0.015625 0.421875 0.044922 0.441406 0.085938 0.453125 0.117188 0.466797 0.142578 0.466797 0.160156 0.460938 0.177734 0.449219 0.181641 0.433594 0.185547 0.357422 0.195312 0.343750
1 0.210938 0.292969 0.201172 0.324219 0.203125 0.339844 0.195312 0.347656 0.185547 0.378906 0.189453 0.392578 0.185547 0.441406 0.214844 0.441406 0.218750 0.447266 0.230469 0.449219 0.259766 0.466797 0.283203 0.464844 0.306641 0.470703 0.316406 0.468750 0.349609 0.478516 0.363281 0.478516 0.423828 0.492188 0.464844 0.486328 0.484375 0.466797 0.494141 0.445312 0.494141 0.423828 0.486328 0.396484 0.478516 0.382812 0.478516 0.373047 0.468750 0.343750 0.462891 0.337891 0.398438 0.343750 0.361328 0.332031 0.332031 0.326172 0.304688 0.291016 0.283203 0.283203 0.244141 0.283203 0.220703 0.287109
1 0.640625 0.431641 0.640625 0.458984 0.662109 0.511719 0.705078 0.537109 0.716797 0.548828 0.734375 0.552734 0.785156 0.542969 0.789062 0.537109 0.804688 0.529297 0.822266 0.525391 0.835938 0.517578 0.867188 0.511719 0.888672 0.500000 0.914062 0.464844 0.912109 0.453125 0.900391 0.437500 0.882812 0.431641 0.873047 0.417969 0.853516 0.406250 0.824219 0.406250 0.808594 0.414062 0.798828 0.414062 0.787109 0.398438 0.769531 0.384766 0.751953 0.376953 0.724609 0.371094 0.677734 0.373047 0.658203 0.380859 0.650391 0.392578
1 0.001953 0.480469 0.000000 0.535156 0.009766 0.556641 0.017578 0.560547 0.035156 0.583984 0.058594 0.595703 0.074219 0.595703 0.085938 0.601562 0.111328 0.605469 0.132812 0.617188 0.160156 0.625000 0.171875 0.625000 0.181641 0.617188 0.191406 0.576172 0.199219 0.511719 0.214844 0.490234 0.218750 0.476562 0.216797 0.464844 0.210938 0.457031 0.199219 0.451172 0.183594 0.451172 0.154297 0.470703 0.144531 0.474609 0.126953 0.474609 0.072266 0.458984 0.058594 0.451172 0.046875 0.451172 0.033203 0.455078 0.021484 0.468750
1 0.404297 0.494141 0.382812 0.486328 0.333984 0.478516 0.312500 0.484375 0.285156 0.486328 0.242188 0.509766 0.230469 0.539062 0.222656 0.546875 0.220703 0.560547 0.216797 0.564453 0.207031 0.564453 0.191406 0.589844 0.191406 0.617188 0.203125 0.640625 0.232422 0.669922 0.310547 0.716797 0.349609 0.697266 0.417969 0.630859 0.449219 0.562500 0.449219 0.541016 0.443359 0.527344 0.429688 0.511719
1 0.757812 0.558594 0.644531 0.558594 0.644531 0.564453 0.626953 0.572266 0.605469 0.597656 0.597656 0.597656 0.597656 0.658203 0.603516 0.658203 0.621094 0.677734 0.648438 0.691406 0.667969 0.695312 0.671875 0.703125 0.677734 0.703125 0.679688 0.695312 0.689453 0.695312 0.701172 0.689453 0.722656 0.667969 0.765625 0.597656 0.767578 0.568359
1 0.031250 0.611328 0.021484 0.623047 0.015625 0.640625 0.013672 0.671875 0.007812 0.683594 0.007812 0.705078 0.017578 0.728516 0.039062 0.750000 0.060547 0.761719 0.080078 0.785156 0.093750 0.789062 0.142578 0.816406 0.183594 0.816406 0.199219 0.810547 0.228516 0.806641 0.240234 0.796875 0.242188 0.791016 0.232422 0.738281 0.208984 0.697266 0.207031 0.673828 0.199219 0.654297 0.175781 0.634766 0.162109 0.628906 0.150391 0.628906 0.123047 0.615234 0.050781 0.601562
1 0.003906 0.796875 0.001953 0.822266 0.005859 0.851562 0.052734 0.882812 0.078125 0.892578 0.109375 0.890625 0.148438 0.875000 0.158203 0.875000 0.179688 0.865234 0.199219 0.845703 0.199219 0.835938 0.193359 0.826172 0.150391 0.824219 0.117188 0.812500 0.083984 0.792969 0.054688 0.763672 0.039062 0.761719 0.017578 0.767578 0.011719 0.773438 0.009766 0.787109
1 0.433594 0.787109 0.392578 0.763672 0.349609 0.751953 0.332031 0.751953 0.312500 0.763672 0.277344 0.814453 0.271484 0.828125 0.271484 0.837891 0.292969 0.871094 0.296875 0.923828 0.306641 0.937500 0.320312 0.941406 0.347656 0.929688 0.355469 0.917969 0.376953 0.906250 0.384766 0.896484 0.414062 0.884766 0.419922 0.878906 0.427734 0.853516 0.441406 0.832031 0.447266 0.812500 0.441406 0.794922
1 0.000000 0.871094 0.000000 0.941406 0.015625 0.953125 0.046875 0.960938 0.078125 0.960938 0.105469 0.949219 0.125000 0.931641 0.128906 0.906250 0.123047 0.898438 0.048828 0.890625 0.035156 0.871094 0.019531 0.865234 0.007812 0.865234
1 0.832031 0.908203 0.816406 0.886719 0.806641 0.880859 0.763672 0.876953 0.744141 0.882812 0.728516 0.892578 0.730469 0.910156 0.720703 0.917969 0.689453 0.923828 0.671875 0.943359 0.652344 0.951172 0.642578 0.972656 0.646484 0.998047 0.798828 0.998047 0.806641 0.988281 0.812500 0.970703 0.833984 0.943359
3 0.574219 0.220703 0.535156 0.226562 0.531250 0.240234
3 0.958984 0.000000 0.867188 0.000000 0.849609 0.035156 0.832031 0.050781 0.806641 0.091797 0.794922 0.101562 0.789062 0.117188 0.773438 0.132812 0.757812 0.140625 0.744141 0.154297 0.626953 0.210938 0.589844 0.216797 0.613281 0.222656 0.632812 0.255859 0.640625 0.314453 0.630859 0.345703 0.679688 0.341797 0.689453 0.324219 0.693359 0.304688 0.712891 0.287109 0.740234 0.246094 0.750000 0.244141 0.771484 0.261719 0.783203 0.261719 0.785156 0.251953 0.767578 0.242188 0.755859 0.226562 0.755859 0.207031 0.769531 0.189453 0.783203 0.185547 0.796875 0.191406 0.812500 0.191406 0.853516 0.208984 0.851562 0.195312 0.816406 0.164062 0.816406 0.152344 0.828125 0.140625 0.849609 0.136719 0.900391 0.109375 0.939453 0.111328 0.994141 0.101562 0.998047 0.095703 0.998047 0.058594 0.978516 0.052734 0.966797 0.041016 0.958984 0.025391
