0 0.197266 0.017578 0.197266 0.029297 0.201172 0.035156 0.216797 0.042969 0.242188 0.042969 0.250000 0.039062 0.259766 0.027344 0.259766 0.017578 0.257812 0.013672 0.246094 0.001953 0.210938 0.001953 0.203125 0.007812 0.201172 0.013672
0 0.097656 0.027344 0.085938 0.042969 0.085938 0.060547 0.095703 0.070312 0.121094 0.070312 0.132812 0.056641 0.132812 0.033203 0.126953 0.027344 0.119141 0.023438 0.107422 0.023438 0.101562 0.027344
0 0.492188 0.031250 0.480469 0.042969 0.480469 0.072266 0.492188 0.087891 0.500000 0.091797 0.517578 0.091797 0.523438 0.087891 0.531250 0.078125 0.529297 0.050781 0.511719 0.033203 0.507812 0.031250
0 0.589844 0.062500 0.568359 0.064453 0.568359 0.066406 0.556641 0.078125 0.556641 0.087891 0.554688 0.089844 0.554688 0.097656 0.552734 0.099609 0.556641 0.105469 0.556641 0.109375 0.558594 0.109375 0.566406 0.117188 0.582031 0.117188 0.585938 0.115234 0.601562 0.097656 0.601562 0.072266
0 0.455078 0.128906 0.455078 0.146484 0.453125 0.148438 0.468750 0.164062 0.468750 0.166016 0.472656 0.167969 0.494141 0.167969 0.507812 0.156250 0.507812 0.140625 0.505859 0.138672 0.505859 0.134766 0.496094 0.125000 0.482422 0.119141 0.470703 0.119141 0.460938 0.126953
0 0.341797 0.134766 0.330078 0.146484 0.330078 0.160156 0.337891 0.167969 0.337891 0.169922 0.355469 0.169922 0.367188 0.156250 0.367188 0.144531 0.357422 0.134766
0 0.164062 0.173828 0.154297 0.183594 0.152344 0.183594 0.148438 0.191406 0.148438 0.207031 0.156250 0.214844 0.162109 0.224609 0.183594 0.226562 0.193359 0.222656 0.203125 0.212891 0.203125 0.207031 0.205078 0.205078 0.205078 0.193359 0.203125 0.191406 0.203125 0.187500 0.187500 0.173828
0 0.250000 0.189453 0.246094 0.191406 0.246094 0.193359 0.236328 0.203125 0.236328 0.218750 0.234375 0.220703 0.240234 0.232422 0.248047 0.238281 0.269531 0.238281 0.275391 0.234375 0.285156 0.222656 0.285156 0.205078 0.281250 0.197266 0.271484 0.189453
0 0.570312 0.197266 0.558594 0.208984 0.556641 0.208984 0.552734 0.216797 0.552734 0.226562 0.556641 0.230469 0.560547 0.240234 0.564453 0.240234 0.566406 0.242188 0.580078 0.242188 0.587891 0.238281 0.595703 0.230469 0.597656 0.220703 0.599609 0.218750 0.599609 0.208984 0.597656 0.205078 0.587891 0.197266
0 0.316406 0.216797 0.308594 0.212891 0.298828 0.212891 0.296875 0.214844 0.287109 0.216797 0.285156 0.226562 0.275391 0.236328 0.273438 0.236328 0.273438 0.246094 0.285156 0.257812 0.310547 0.257812 0.314453 0.255859 0.324219 0.244141 0.324219 0.224609
0 0.189453 0.226562 0.177734 0.238281 0.175781 0.238281 0.175781 0.246094 0.171875 0.255859 0.175781 0.263672 0.175781 0.269531 0.185547 0.279297 0.205078 0.279297 0.212891 0.273438 0.218750 0.261719 0.218750 0.244141 0.207031 0.228516 0.203125 0.226562
0 0.015625 0.275391 0.005859 0.285156 0.003906 0.285156 0.000000 0.292969 0.000000 0.310547 0.005859 0.316406 0.009766 0.324219 0.013672 0.324219 0.015625 0.326172 0.037109 0.326172 0.050781 0.310547 0.050781 0.292969 0.039062 0.279297 0.031250 0.275391
0 0.976562 0.287109 0.966797 0.296875 0.966797 0.300781 0.962891 0.306641 0.962891 0.332031 0.974609 0.347656 0.986328 0.347656 0.996094 0.335938 0.996094 0.298828 0.984375 0.287109
0 0.349609 0.308594 0.337891 0.320312 0.337891 0.343750 0.335938 0.345703 0.337891 0.347656 0.337891 0.351562 0.353516 0.367188 0.378906 0.367188 0.386719 0.363281 0.396484 0.351562 0.396484 0.326172 0.380859 0.308594 0.371094 0.308594 0.369141 0.306641 0.355469 0.306641 0.353516 0.308594
0 0.156250 0.314453 0.146484 0.324219 0.144531 0.324219 0.144531 0.345703 0.142578 0.347656 0.154297 0.363281 0.169922 0.365234 0.177734 0.361328 0.185547 0.351562 0.185547 0.328125 0.173828 0.314453
0 0.648438 0.345703 0.638672 0.355469 0.636719 0.355469 0.636719 0.375000 0.634766 0.376953 0.638672 0.382812 0.638672 0.386719 0.650391 0.398438 0.654297 0.398438 0.660156 0.402344 0.675781 0.402344 0.679688 0.400391 0.691406 0.386719 0.691406 0.369141 0.687500 0.361328 0.669922 0.345703
0 0.025391 0.351562 0.015625 0.351562 0.007812 0.359375 0.001953 0.359375 0.000000 0.361328 0.000000 0.414062 0.003906 0.419922 0.007812 0.421875 0.023438 0.421875 0.031250 0.416016 0.041016 0.396484 0.041016 0.369141 0.037109 0.361328
0 0.419922 0.375000 0.412109 0.382812 0.402344 0.388672 0.402344 0.392578 0.398438 0.398438 0.398438 0.410156 0.402344 0.417969 0.404297 0.417969 0.414062 0.427734 0.435547 0.427734 0.441406 0.423828 0.451172 0.412109 0.451172 0.392578 0.439453 0.378906 0.429688 0.375000
0 0.269531 0.402344 0.261719 0.410156 0.261719 0.416016 0.257812 0.425781 0.259766 0.427734 0.261719 0.441406 0.273438 0.453125 0.291016 0.453125 0.302734 0.441406 0.304688 0.423828 0.300781 0.417969 0.300781 0.414062 0.291016 0.402344 0.287109 0.402344 0.285156 0.400391 0.275391 0.400391 0.273438 0.402344
0 0.337891 0.398438 0.324219 0.412109 0.324219 0.417969 0.320312 0.425781 0.322266 0.427734 0.322266 0.441406 0.330078 0.449219 0.337891 0.460938 0.361328 0.460938 0.375000 0.445312 0.375000 0.419922 0.357422 0.400391 0.353516 0.400391 0.351562 0.398438
0 0.845703 0.519531 0.845703 0.527344 0.849609 0.533203 0.857422 0.537109 0.880859 0.537109 0.888672 0.533203 0.892578 0.527344 0.890625 0.517578 0.878906 0.509766 0.859375 0.509766 0.853516 0.515625
0 0.931641 0.503906 0.931641 0.505859 0.923828 0.513672 0.925781 0.515625 0.925781 0.535156 0.941406 0.546875 0.958984 0.546875 0.968750 0.535156 0.968750 0.521484 0.964844 0.513672 0.958984 0.507812 0.951172 0.503906
0 0.087891 0.509766 0.072266 0.525391 0.072266 0.550781 0.087891 0.566406 0.091797 0.566406 0.093750 0.568359 0.119141 0.568359 0.123047 0.566406 0.138672 0.548828 0.138672 0.531250 0.134766 0.523438 0.125000 0.513672 0.115234 0.509766
0 0.974609 0.556641 0.966797 0.560547 0.962891 0.568359 0.962891 0.580078 0.970703 0.591797 0.988281 0.593750 0.996094 0.587891 0.996094 0.564453 0.988281 0.556641
0 0.441406 0.562500 0.437500 0.566406 0.431641 0.568359 0.429688 0.574219 0.421875 0.583984 0.421875 0.593750 0.419922 0.595703 0.423828 0.601562 0.425781 0.611328 0.431641 0.613281 0.439453 0.619141 0.451172 0.619141 0.462891 0.611328 0.468750 0.599609 0.468750 0.580078 0.464844 0.572266 0.458984 0.566406 0.451172 0.562500
0 0.312500 0.603516 0.302734 0.613281 0.302734 0.619141 0.300781 0.621094 0.300781 0.626953 0.296875 0.636719 0.298828 0.638672 0.298828 0.646484 0.306641 0.656250 0.308594 0.662109 0.316406 0.667969 0.324219 0.667969 0.326172 0.669922 0.339844 0.669922 0.341797 0.667969 0.345703 0.667969 0.357422 0.656250 0.357422 0.650391 0.361328 0.640625 0.361328 0.628906 0.357422 0.619141 0.341797 0.603516 0.333984 0.603516 0.332031 0.601562 0.318359 0.601562 0.316406 0.603516
0 0.773438 0.634766 0.759766 0.648438 0.759766 0.675781 0.775391 0.691406 0.775391 0.693359 0.796875 0.693359 0.802734 0.689453 0.810547 0.679688 0.810547 0.654297 0.794922 0.636719 0.791016 0.634766
0 0.927734 0.658203 0.916016 0.669922 0.916016 0.683594 0.914062 0.685547 0.917969 0.693359 0.921875 0.695312 0.941406 0.695312 0.953125 0.681641 0.953125 0.664062 0.945312 0.658203
0 0.048828 0.679688 0.041016 0.687500 0.041016 0.701172 0.048828 0.708984 0.062500 0.708984 0.070312 0.701172 0.070312 0.687500 0.062500 0.679688
0 0.472656 0.673828 0.466797 0.677734 0.462891 0.677734 0.458984 0.687500 0.451172 0.697266 0.451172 0.708984 0.455078 0.714844 0.455078 0.718750 0.460938 0.724609 0.464844 0.724609 0.470703 0.728516 0.486328 0.728516 0.501953 0.714844 0.505859 0.705078 0.505859 0.695312 0.503906 0.693359 0.501953 0.683594 0.494141 0.675781 0.490234 0.673828
0 0.414062 0.681641 0.400391 0.695312 0.400391 0.716797 0.404297 0.720703 0.406250 0.726562 0.414062 0.730469 0.429688 0.730469 0.439453 0.722656 0.443359 0.714844 0.443359 0.695312 0.431641 0.681641
0 0.679688 0.699219 0.679688 0.716797 0.683594 0.724609 0.693359 0.734375 0.705078 0.740234 0.730469 0.740234 0.742188 0.732422 0.748047 0.720703 0.748047 0.705078 0.740234 0.697266 0.740234 0.693359 0.734375 0.687500 0.720703 0.681641 0.693359 0.683594 0.693359 0.685547
0 0.873047 0.718750 0.857422 0.734375 0.855469 0.734375 0.851562 0.742188 0.851562 0.763672 0.857422 0.773438 0.857422 0.777344 0.859375 0.777344 0.871094 0.789062 0.894531 0.789062 0.904297 0.783203 0.912109 0.773438 0.912109 0.736328 0.898438 0.722656 0.890625 0.718750
0 0.511719 0.726562 0.490234 0.728516 0.482422 0.742188 0.476562 0.748047 0.476562 0.769531 0.480469 0.773438 0.482422 0.779297 0.490234 0.783203 0.503906 0.783203 0.511719 0.779297 0.523438 0.765625 0.523438 0.736328
0 0.291016 0.748047 0.289062 0.753906 0.279297 0.765625 0.279297 0.779297 0.283203 0.785156 0.283203 0.789062 0.296875 0.802734 0.300781 0.802734 0.302734 0.804688 0.328125 0.804688 0.332031 0.802734 0.343750 0.789062 0.343750 0.767578 0.339844 0.759766 0.333984 0.753906 0.318359 0.744141 0.300781 0.744141 0.294922 0.748047
0 0.509766 0.816406 0.503906 0.816406 0.498047 0.820312 0.494141 0.830078 0.486328 0.839844 0.486328 0.871094 0.490234 0.878906 0.496094 0.882812 0.507812 0.882812 0.517578 0.873047 0.523438 0.859375 0.523438 0.830078
0 0.445312 0.830078 0.437500 0.835938 0.427734 0.855469 0.429688 0.857422 0.429688 0.876953 0.445312 0.892578 0.464844 0.892578 0.478516 0.876953 0.478516 0.873047 0.480469 0.871094 0.480469 0.851562 0.474609 0.839844 0.466797 0.832031 0.462891 0.830078
0 0.146484 0.912109 0.136719 0.921875 0.136719 0.939453 0.146484 0.949219 0.162109 0.949219 0.171875 0.939453 0.171875 0.921875 0.162109 0.912109
2 0.472656 0.001953 0.462891 0.031250 0.460938 0.048828 0.496094 0.093750 0.517578 0.091797 0.560547 0.064453 0.568359 0.041016 0.568359 0.003906 0.564453 0.000000
1 0.177734 0.000000 0.201172 0.072266 0.216797 0.087891 0.230469 0.117188 0.242188 0.119141 0.255859 0.128906 0.265625 0.130859 0.298828 0.097656 0.302734 0.087891 0.306641 0.035156 0.294922 0.000000
1 0.054688 0.000000 0.042969 0.021484 0.044922 0.029297 0.041016 0.048828 0.019531 0.095703 0.019531 0.132812 0.033203 0.171875 0.072266 0.185547 0.123047 0.183594 0.148438 0.166016 0.195312 0.162109 0.203125 0.150391 0.203125 0.144531 0.207031 0.142578 0.208984 0.121094 0.193359 0.097656 0.189453 0.041016 0.173828 0.007812 0.166016 0.000000
1 0.628906 0.023438 0.593750 0.027344 0.570312 0.056641 0.564453 0.070312 0.537109 0.097656 0.539062 0.150391 0.562500 0.181641 0.576172 0.187500 0.609375 0.185547 0.619141 0.181641 0.640625 0.166016 0.660156 0.132812 0.667969 0.103516 0.671875 0.068359 0.660156 0.044922 0.648438 0.033203
2 0.349609 0.080078 0.339844 0.080078 0.324219 0.099609 0.312500 0.152344 0.318359 0.167969 0.339844 0.179688 0.359375 0.164062 0.384766 0.152344 0.398438 0.138672 0.398438 0.119141 0.386719 0.111328 0.375000 0.093750
2 0.437500 0.121094 0.433594 0.125000 0.464844 0.177734 0.478516 0.191406 0.486328 0.193359 0.513672 0.185547 0.527344 0.173828 0.529297 0.132812 0.521484 0.115234 0.480469 0.107422
2 0.218750 0.185547 0.185547 0.166016 0.148438 0.167969 0.125000 0.183594 0.107422 0.212891 0.107422 0.224609 0.115234 0.234375 0.140625 0.238281 0.160156 0.238281 0.162109 0.234375 0.191406 0.228516 0.216797 0.203125
2 0.269531 0.166016 0.257812 0.166016 0.250000 0.171875 0.234375 0.212891 0.236328 0.244141 0.251953 0.257812 0.255859 0.257812 0.273438 0.238281 0.291016 0.201172 0.298828 0.193359 0.287109 0.173828
2 0.324219 0.175781 0.312500 0.175781 0.306641 0.181641 0.302734 0.191406 0.292969 0.201172 0.273438 0.246094 0.279297 0.265625 0.296875 0.275391 0.310547 0.271484 0.349609 0.246094 0.339844 0.189453
2 0.681641 0.203125 0.667969 0.187500 0.652344 0.179688 0.636719 0.179688 0.593750 0.195312 0.541016 0.191406 0.521484 0.197266 0.515625 0.203125 0.515625 0.222656 0.523438 0.265625 0.535156 0.285156 0.548828 0.292969 0.587891 0.292969 0.593750 0.289062 0.642578 0.283203 0.644531 0.279297 0.650391 0.279297 0.662109 0.269531 0.669922 0.267578 0.681641 0.244141
2 0.230469 0.212891 0.214844 0.207031 0.195312 0.228516 0.164062 0.242188 0.119141 0.240234 0.105469 0.248047 0.105469 0.265625 0.111328 0.273438 0.142578 0.294922 0.164062 0.304688 0.177734 0.302734 0.222656 0.271484 0.232422 0.234375
1 0.892578 0.193359 0.869141 0.218750 0.865234 0.232422 0.851562 0.250000 0.847656 0.263672 0.841797 0.267578 0.837891 0.287109 0.839844 0.322266 0.863281 0.345703 0.894531 0.345703 0.894531 0.349609 0.921875 0.339844 0.941406 0.339844 0.958984 0.345703 0.980469 0.345703 0.984375 0.349609 0.994141 0.349609 0.998047 0.345703 0.998047 0.248047 0.982422 0.210938 0.974609 0.201172 0.966797 0.199219 0.958984 0.191406 0.933594 0.181641 0.917969 0.183594
2 0.039062 0.201172 0.021484 0.208984 0.011719 0.224609 0.000000 0.234375 0.000000 0.335938 0.039062 0.335938 0.056641 0.332031 0.072266 0.324219 0.085938 0.304688 0.085938 0.283203 0.076172 0.253906 0.062500 0.230469 0.044922 0.216797
1 0.316406 0.267578 0.316406 0.351562 0.324219 0.353516 0.351562 0.376953 0.363281 0.382812 0.375000 0.382812 0.378906 0.390625 0.384766 0.390625 0.386719 0.361328 0.464844 0.361328 0.480469 0.347656 0.482422 0.337891 0.492188 0.332031 0.492188 0.281250 0.482422 0.275391 0.458984 0.244141 0.458984 0.238281 0.353516 0.238281 0.353516 0.244141 0.347656 0.250000
2 0.095703 0.312500 0.091797 0.322266 0.093750 0.367188 0.103516 0.396484 0.113281 0.408203 0.123047 0.410156 0.160156 0.398438 0.189453 0.400391 0.197266 0.394531 0.210938 0.369141 0.208984 0.333984 0.197266 0.316406 0.179688 0.308594 0.154297 0.308594 0.138672 0.302734 0.109375 0.304688
2 0.574219 0.339844 0.570312 0.351562 0.572266 0.361328 0.593750 0.392578 0.609375 0.404297 0.628906 0.406250 0.636719 0.402344 0.671875 0.400391 0.699219 0.410156 0.722656 0.410156 0.734375 0.398438 0.738281 0.378906 0.728516 0.353516 0.710938 0.333984 0.677734 0.318359 0.628906 0.316406 0.611328 0.322266 0.587891 0.324219
2 0.000000 0.341797 0.000000 0.447266 0.013672 0.453125 0.046875 0.455078 0.066406 0.464844 0.080078 0.464844 0.091797 0.443359 0.087891 0.392578 0.080078 0.375000 0.058594 0.349609 0.033203 0.341797
2 0.304688 0.386719 0.277344 0.367188 0.222656 0.382812 0.210938 0.396484 0.212891 0.439453 0.218750 0.445312 0.244141 0.451172 0.308594 0.455078 0.314453 0.447266 0.314453 0.427734 0.310547 0.416016 0.310547 0.396484
1 0.386719 0.363281 0.386719 0.492188 0.451172 0.492188 0.451172 0.486328 0.441406 0.476562 0.441406 0.464844 0.445312 0.455078 0.472656 0.429688 0.476562 0.416016 0.476562 0.390625 0.464844 0.363281
2 0.326172 0.375000 0.312500 0.386719 0.316406 0.455078 0.328125 0.468750 0.335938 0.494141 0.351562 0.503906 0.353516 0.500000 0.365234 0.496094 0.371094 0.486328 0.386719 0.421875 0.376953 0.398438 0.343750 0.376953
2 0.798828 0.490234 0.800781 0.501953 0.847656 0.527344 0.851562 0.535156 0.888672 0.541016 0.904297 0.535156 0.908203 0.527344 0.908203 0.511719 0.904297 0.503906 0.871094 0.488281 0.814453 0.478516
2 0.919922 0.482422 0.912109 0.494141 0.908203 0.542969 0.919922 0.550781 0.939453 0.556641 0.949219 0.556641 0.958984 0.550781 0.978516 0.550781 0.984375 0.544922 0.982422 0.507812 0.968750 0.488281 0.945312 0.476562
1 0.031250 0.503906 0.023438 0.541016 0.023438 0.583984 0.031250 0.599609 0.039062 0.605469 0.066406 0.605469 0.074219 0.611328 0.091797 0.611328 0.113281 0.603516 0.134766 0.603516 0.146484 0.597656 0.158203 0.562500 0.164062 0.554688 0.167969 0.535156 0.164062 0.505859 0.154297 0.492188 0.128906 0.480469 0.078125 0.476562 0.060547 0.486328 0.046875 0.500000
1 0.373047 0.521484 0.371094 0.537109 0.406250 0.630859 0.416016 0.638672 0.462891 0.646484 0.498047 0.642578 0.527344 0.628906 0.535156 0.611328 0.542969 0.603516 0.533203 0.564453 0.523438 0.554688 0.482422 0.533203 0.445312 0.505859 0.431641 0.501953 0.398438 0.501953
2 0.941406 0.560547 0.941406 0.572266 0.949219 0.580078 0.962891 0.585938 0.994141 0.623047 0.998047 0.621094 0.998047 0.554688 0.958984 0.552734 0.949219 0.560547
1 0.755859 0.527344 0.755859 0.537109 0.720703 0.570312 0.714844 0.570312 0.714844 0.642578 0.732422 0.644531 0.732422 0.654297 0.744141 0.679688 0.767578 0.712891 0.783203 0.724609 0.796875 0.728516 0.802734 0.742188 0.824219 0.742188 0.826172 0.736328 0.880859 0.701172 0.900391 0.681641 0.914062 0.656250 0.927734 0.644531 0.929688 0.570312 0.923828 0.570312 0.910156 0.556641 0.884766 0.542969 0.859375 0.542969 0.849609 0.537109 0.839844 0.537109 0.835938 0.527344
1 0.365234 0.548828 0.357422 0.546875 0.355469 0.542969 0.337891 0.548828 0.326172 0.560547 0.316406 0.564453 0.291016 0.597656 0.261719 0.621094 0.230469 0.666016 0.230469 0.689453 0.261719 0.703125 0.343750 0.703125 0.355469 0.701172 0.375000 0.687500 0.388672 0.660156 0.392578 0.621094 0.375000 0.583984 0.371094 0.560547
1 0.947266 0.599609 0.941406 0.607422 0.931641 0.640625 0.919922 0.654297 0.904297 0.685547 0.904297 0.695312 0.958984 0.712891 0.970703 0.712891 0.990234 0.701172 0.992188 0.650391 0.964844 0.599609
1 0.531250 0.644531 0.511719 0.642578 0.480469 0.652344 0.466797 0.673828 0.453125 0.687500 0.453125 0.712891 0.464844 0.720703 0.482422 0.722656 0.509766 0.705078 0.531250 0.677734 0.535156 0.666016 0.535156 0.652344
1 0.404297 0.642578 0.392578 0.660156 0.380859 0.712891 0.398438 0.726562 0.443359 0.734375 0.449219 0.726562 0.449219 0.695312 0.455078 0.656250 0.443359 0.646484 0.416016 0.646484
1 0.056641 0.621094 0.041016 0.625000 0.023438 0.646484 0.013672 0.648438 0.000000 0.660156 0.000000 0.728516 0.005859 0.730469 0.019531 0.746094 0.035156 0.753906 0.066406 0.750000 0.085938 0.738281 0.099609 0.718750 0.099609 0.710938 0.103516 0.708984 0.113281 0.685547 0.113281 0.667969 0.101562 0.648438 0.087891 0.636719
1 0.222656 0.707031 0.222656 0.779297 0.234375 0.779297 0.283203 0.808594 0.289062 0.808594 0.296875 0.820312 0.332031 0.820312 0.333984 0.810547 0.357422 0.804688 0.380859 0.789062 0.410156 0.757812 0.414062 0.757812 0.414062 0.732422 0.382812 0.722656 0.371094 0.712891 0.371094 0.707031
1 0.451172 0.707031 0.449219 0.730469 0.443359 0.736328 0.425781 0.734375 0.425781 0.798828 0.484375 0.798828 0.503906 0.812500 0.527344 0.812500 0.525391 0.796875 0.550781 0.771484 0.562500 0.771484 0.562500 0.707031 0.507812 0.707031 0.488281 0.724609 0.466797 0.724609 0.451172 0.712891
1 0.667969 0.644531 0.667969 0.656250 0.650391 0.683594 0.628906 0.708984 0.621094 0.708984 0.621094 0.740234 0.613281 0.748047 0.609375 0.759766 0.597656 0.769531 0.597656 0.796875 0.628906 0.839844 0.658203 0.863281 0.697266 0.876953 0.751953 0.875000 0.765625 0.869141 0.775391 0.859375 0.785156 0.843750 0.787109 0.830078 0.794922 0.822266 0.792969 0.798828 0.796875 0.796875 0.796875 0.730469 0.789062 0.730469 0.765625 0.712891 0.742188 0.679688 0.730469 0.654297 0.730469 0.644531
1 0.888672 0.705078 0.859375 0.716797 0.839844 0.728516 0.810547 0.769531 0.798828 0.800781 0.798828 0.832031 0.818359 0.859375 0.845703 0.880859 0.871094 0.890625 0.914062 0.890625 0.937500 0.880859 0.962891 0.859375 0.972656 0.820312 0.974609 0.765625 0.957031 0.732422 0.955078 0.720703 0.925781 0.712891 0.921875 0.708984
2 0.519531 0.816406 0.488281 0.810547 0.480469 0.882812 0.470703 0.910156 0.472656 0.927734 0.488281 0.923828 0.501953 0.898438 0.519531 0.882812 0.525391 0.857422 0.525391 0.822266
2 0.484375 0.806641 0.433594 0.810547 0.423828 0.818359 0.417969 0.833984 0.417969 0.884766 0.429688 0.917969 0.443359 0.937500 0.457031 0.937500 0.466797 0.931641
1 0.294922 0.822266 0.287109 0.810547 0.267578 0.800781 0.226562 0.789062 0.203125 0.759766 0.183594 0.755859 0.169922 0.748047 0.162109 0.748047 0.066406 0.792969 0.015625 0.845703 0.001953 0.869141 0.000000 0.976562 0.101562 0.974609 0.125000 0.966797 0.132812 0.958984 0.171875 0.943359 0.201172 0.923828 0.232422 0.919922 0.271484 0.906250 0.292969 0.892578 0.300781 0.875000 0.302734 0.843750
3 0.121094 0.740234 0.074219 0.767578 0.046875 0.773438 0.023438 0.785156 0.017578 0.785156 0.000000 0.761719 0.000000 0.863281 0.019531 0.833984 0.048828 0.810547 0.080078 0.775391 0.107422 0.761719
3 0.998047 0.445312 0.984375 0.464844 0.984375 0.492188 0.996094 0.500000
3 0.650391 0.000000 0.652344 0.013672 0.667969 0.025391 0.679688 0.050781 0.683594 0.087891 0.667969 0.160156 0.687500 0.214844 0.710938 0.250000 0.705078 0.283203 0.707031 0.308594 0.728516 0.337891 0.730469 0.351562 0.750000 0.390625 0.751953 0.410156 0.777344 0.443359 0.781250 0.458984 0.822266 0.460938 0.849609 0.447266 0.875000 0.455078 0.894531 0.466797 0.923828 0.474609 0.937500 0.472656 0.933594 0.466797 0.888672 0.447266 0.855469 0.406250 0.843750 0.382812 0.845703 0.347656 0.833984 0.326172 0.828125 0.289062 0.847656 0.228516 0.861328 0.208984 0.892578 0.179688 0.921875 0.169922 0.998047 0.173828 0.998047 0.000000 0.957031 0.000000 0.947266 0.011719 0.935547 0.042969 0.916016 0.054688 0.912109 0.078125 0.894531 0.091797 0.841797 0.115234 0.810547 0.115234 0.791016 0.105469 0.751953 0.097656 0.714844 0.060547 0.697266 0.015625 0.697266 0.000000
