0 0.455078 0.000000 0.453125 0.003906 0.453125 0.021484 0.460938 0.033203 0.468750 0.037109 0.480469 0.037109 0.492188 0.029297 0.496094 0.021484 0.496094 0.003906 0.494141 0.000000
0 0.050781 0.134766 0.042969 0.140625 0.039062 0.148438 0.039062 0.164062 0.044922 0.171875 0.052734 0.175781 0.068359 0.175781 0.074219 0.171875 0.080078 0.164062 0.080078 0.146484 0.074219 0.138672 0.066406 0.134766
0 0.822266 0.130859 0.812500 0.136719 0.802734 0.150391 0.802734 0.167969 0.808594 0.177734 0.822266 0.187500 0.843750 0.187500 0.853516 0.181641 0.863281 0.167969 0.863281 0.150391 0.857422 0.140625 0.843750 0.130859
0 0.556641 0.179688 0.550781 0.187500 0.546875 0.203125 0.541016 0.210938 0.539062 0.218750 0.527344 0.232422 0.529297 0.251953 0.533203 0.255859 0.537109 0.255859 0.546875 0.261719 0.552734 0.261719 0.568359 0.269531 0.572266 0.273438 0.576172 0.273438 0.580078 0.277344 0.585938 0.277344 0.591797 0.281250 0.601562 0.283203 0.617188 0.291016 0.621094 0.291016 0.623047 0.289062 0.634766 0.289062 0.638672 0.287109 0.642578 0.273438 0.640625 0.271484 0.636719 0.255859 0.628906 0.248047 0.625000 0.238281 0.613281 0.228516 0.607422 0.208984 0.593750 0.193359 0.574219 0.179688
0 0.060547 0.253906 0.052734 0.259766 0.048828 0.267578 0.048828 0.283203 0.054688 0.291016 0.062500 0.294922 0.078125 0.294922 0.083984 0.291016 0.089844 0.283203 0.089844 0.265625 0.083984 0.257812 0.076172 0.253906
0 0.621094 0.324219 0.617188 0.326172 0.607422 0.337891 0.607422 0.355469 0.617188 0.367188 0.621094 0.369141 0.634766 0.369141 0.638672 0.367188 0.648438 0.355469 0.648438 0.337891 0.638672 0.326172 0.634766 0.324219
0 0.013672 0.339844 0.009766 0.341797 0.000000 0.353516 0.000000 0.369141 0.001953 0.373047 0.013672 0.382812 0.031250 0.382812 0.035156 0.380859 0.044922 0.369141 0.044922 0.353516 0.042969 0.349609 0.031250 0.339844
0 0.519531 0.382812 0.513672 0.396484 0.515625 0.398438 0.515625 0.404297 0.523438 0.414062 0.531250 0.417969 0.548828 0.417969 0.560547 0.410156 0.564453 0.402344 0.564453 0.390625 0.556641 0.378906 0.548828 0.375000 0.531250 0.375000
0 0.058594 0.503906 0.054688 0.505859 0.046875 0.515625 0.046875 0.533203 0.054688 0.542969 0.058594 0.544922 0.070312 0.544922 0.074219 0.542969 0.082031 0.533203 0.082031 0.515625 0.074219 0.505859 0.070312 0.503906
0 0.013672 0.539062 0.000000 0.546875 0.000000 0.593750 0.013672 0.601562 0.031250 0.601562 0.044922 0.593750 0.052734 0.580078 0.052734 0.560547 0.044922 0.546875 0.031250 0.539062
0 0.208984 0.626953 0.201172 0.630859 0.195312 0.636719 0.191406 0.644531 0.191406 0.662109 0.195312 0.669922 0.201172 0.675781 0.208984 0.679688 0.224609 0.679688 0.232422 0.675781 0.238281 0.669922 0.242188 0.662109 0.242188 0.644531 0.238281 0.636719 0.232422 0.630859 0.224609 0.626953
0 0.882812 0.646484 0.875000 0.652344 0.869141 0.662109 0.869141 0.679688 0.875000 0.689453 0.882812 0.695312 0.900391 0.695312 0.908203 0.689453 0.914062 0.679688 0.914062 0.662109 0.908203 0.652344 0.900391 0.646484
0 0.939453 0.660156 0.933594 0.664062 0.925781 0.673828 0.925781 0.691406 0.929688 0.697266 0.939453 0.705078 0.957031 0.705078 0.962891 0.701172 0.970703 0.691406 0.970703 0.673828 0.966797 0.667969 0.957031 0.660156
0 0.667969 0.693359 0.660156 0.697266 0.652344 0.705078 0.650391 0.708984 0.650391 0.726562 0.660156 0.738281 0.667969 0.742188 0.683594 0.742188 0.691406 0.738281 0.699219 0.730469 0.701172 0.726562 0.701172 0.708984 0.691406 0.697266 0.683594 0.693359
0 0.597656 0.699219 0.587891 0.710938 0.587891 0.718750 0.585938 0.720703 0.591797 0.736328 0.597656 0.742188 0.605469 0.746094 0.621094 0.746094 0.623047 0.744141 0.626953 0.744141 0.638672 0.730469 0.640625 0.710938 0.626953 0.697266 0.623047 0.697266 0.621094 0.695312 0.605469 0.695312
0 0.810547 0.812500 0.800781 0.818359 0.796875 0.824219 0.794922 0.833984 0.792969 0.835938 0.794922 0.837891 0.794922 0.843750 0.800781 0.853516 0.810547 0.859375 0.828125 0.859375 0.837891 0.853516 0.843750 0.843750 0.843750 0.828125 0.837891 0.818359 0.828125 0.812500
0 0.587891 0.867188 0.583984 0.869141 0.578125 0.876953 0.578125 0.884766 0.576172 0.886719 0.576172 0.894531 0.574219 0.896484 0.576172 0.898438 0.576172 0.906250 0.580078 0.914062 0.587891 0.921875 0.591797 0.923828 0.607422 0.923828 0.619141 0.914062 0.623047 0.906250 0.623047 0.886719 0.619141 0.878906 0.607422 0.869141
0 0.044922 0.910156 0.035156 0.916016 0.029297 0.925781 0.029297 0.943359 0.035156 0.953125 0.044922 0.958984 0.060547 0.958984 0.070312 0.953125 0.076172 0.943359 0.076172 0.925781 0.070312 0.916016 0.060547 0.910156
0 0.718750 0.966797 0.710938 0.976562 0.710938 0.982422 0.708984 0.984375 0.710938 0.986328 0.710938 0.992188 0.714844 0.998047 0.744141 0.998047 0.748047 0.992188 0.748047 0.976562 0.744141 0.970703 0.736328 0.964844 0.722656 0.964844
1 0.619141 0.154297 0.619141 0.164062 0.615234 0.166016 0.615234 0.197266 0.630859 0.242188 0.644531 0.253906 0.654297 0.271484 0.664062 0.275391 0.673828 0.287109 0.685547 0.291016 0.691406 0.298828 0.730469 0.318359 0.753906 0.343750 0.777344 0.359375 0.796875 0.361328 0.802734 0.367188 0.816406 0.371094 0.822266 0.378906 0.865234 0.378906 0.927734 0.365234 0.951172 0.351562 0.949219 0.333984 0.925781 0.312500 0.919922 0.312500 0.916016 0.306641 0.894531 0.298828 0.882812 0.283203 0.878906 0.273438 0.878906 0.255859 0.875000 0.251953 0.875000 0.218750 0.867188 0.203125 0.869141 0.167969 0.859375 0.160156 0.857422 0.136719 0.851562 0.130859 0.832031 0.125000 0.814453 0.125000 0.806641 0.136719 0.789062 0.144531 0.763672 0.144531 0.738281 0.128906 0.699219 0.126953 0.691406 0.132812 0.646484 0.134766 0.644531 0.138672 0.626953 0.144531
1 0.468750 0.330078 0.482422 0.343750 0.501953 0.345703 0.503906 0.349609 0.515625 0.349609 0.517578 0.353516 0.562500 0.363281 0.585938 0.380859 0.593750 0.390625 0.603516 0.427734 0.605469 0.478516 0.625000 0.480469 0.640625 0.490234 0.654297 0.490234 0.671875 0.482422 0.675781 0.476562 0.687500 0.474609 0.695312 0.466797 0.718750 0.460938 0.740234 0.441406 0.746094 0.441406 0.750000 0.435547 0.759766 0.431641 0.757812 0.417969 0.734375 0.408203 0.716797 0.390625 0.708984 0.390625 0.699219 0.380859 0.687500 0.378906 0.683594 0.373047 0.671875 0.369141 0.642578 0.330078 0.640625 0.320312 0.619141 0.300781 0.585938 0.287109 0.560547 0.269531 0.521484 0.267578 0.515625 0.273438 0.509766 0.273438 0.507812 0.279297 0.484375 0.300781
1 0.449219 0.361328 0.441406 0.394531 0.437500 0.396484 0.437500 0.402344 0.427734 0.416016 0.427734 0.425781 0.421875 0.429688 0.421875 0.437500 0.406250 0.464844 0.406250 0.496094 0.412109 0.501953 0.412109 0.509766 0.419922 0.517578 0.435547 0.521484 0.443359 0.529297 0.443359 0.535156 0.492188 0.537109 0.494141 0.533203 0.568359 0.529297 0.570312 0.525391 0.587891 0.517578 0.597656 0.507812 0.599609 0.478516 0.603516 0.468750 0.599609 0.460938 0.597656 0.425781 0.589844 0.404297 0.583984 0.402344 0.578125 0.392578 0.568359 0.388672 0.564453 0.378906 0.552734 0.367188 0.527344 0.365234 0.525391 0.361328 0.507812 0.359375 0.500000 0.353516 0.472656 0.351562 0.457031 0.355469
2 0.041016 0.482422 0.044922 0.492188 0.044922 0.505859 0.039062 0.519531 0.041016 0.529297 0.068359 0.578125 0.072266 0.580078 0.095703 0.568359 0.117188 0.566406 0.123047 0.556641 0.119141 0.552734 0.111328 0.523438 0.089844 0.496094 0.076172 0.490234
1 0.941406 0.376953 0.898438 0.384766 0.896484 0.388672 0.871094 0.398438 0.867188 0.404297 0.855469 0.406250 0.837891 0.419922 0.833984 0.457031 0.843750 0.474609 0.841797 0.517578 0.837891 0.519531 0.828125 0.568359 0.824219 0.570312 0.824219 0.578125 0.820312 0.582031 0.820312 0.603516 0.833984 0.626953 0.853516 0.632812 0.859375 0.638672 0.902344 0.638672 0.921875 0.646484 0.933594 0.658203 0.923828 0.687500 0.925781 0.701172 0.943359 0.707031 0.960938 0.707031 0.980469 0.689453 0.988281 0.689453 0.998047 0.675781 0.998047 0.541016 0.994141 0.537109 0.994141 0.515625 0.990234 0.511719 0.990234 0.482422 0.994141 0.478516 0.994141 0.468750 0.998047 0.466797 0.998047 0.425781 0.994141 0.423828 0.994141 0.404297 0.976562 0.386719 0.966797 0.384766 0.957031 0.376953
1 0.560547 0.541016 0.564453 0.544922 0.564453 0.554688 0.560547 0.558594 0.562500 0.623047 0.566406 0.626953 0.566406 0.644531 0.580078 0.673828 0.601562 0.687500 0.617188 0.687500 0.638672 0.695312 0.642578 0.708984 0.648438 0.714844 0.652344 0.734375 0.660156 0.744141 0.669922 0.748047 0.703125 0.744141 0.708984 0.738281 0.708984 0.722656 0.701172 0.712891 0.699219 0.703125 0.703125 0.701172 0.705078 0.683594 0.716797 0.669922 0.724609 0.650391 0.724609 0.621094 0.716797 0.599609 0.705078 0.587891 0.703125 0.580078 0.687500 0.566406 0.669922 0.533203 0.652344 0.515625 0.640625 0.515625
1 0.244141 0.634766 0.216797 0.619141 0.210938 0.619141 0.193359 0.601562 0.185547 0.599609 0.173828 0.583984 0.156250 0.578125 0.123047 0.576172 0.121094 0.572266 0.097656 0.572266 0.078125 0.587891 0.062500 0.593750 0.062500 0.597656 0.046875 0.609375 0.044922 0.623047 0.025391 0.644531 0.019531 0.685547 0.015625 0.687500 0.011719 0.701172 0.000000 0.710938 0.000000 0.748047 0.064453 0.751953 0.095703 0.742188 0.109375 0.732422 0.119141 0.732422 0.128906 0.724609 0.148438 0.720703 0.169922 0.701172 0.175781 0.701172 0.185547 0.693359 0.193359 0.693359 0.207031 0.681641 0.220703 0.681641 0.222656 0.677734 0.230469 0.677734 0.236328 0.669922 0.242188 0.669922 0.246094 0.658203
1 0.712891 0.728516 0.734375 0.746094 0.751953 0.748047 0.761719 0.755859 0.771484 0.755859 0.777344 0.761719 0.792969 0.761719 0.796875 0.748047 0.814453 0.730469 0.824219 0.728516 0.832031 0.720703 0.843750 0.718750 0.847656 0.712891 0.857422 0.712891 0.863281 0.707031 0.880859 0.703125 0.894531 0.703125 0.898438 0.697266 0.910156 0.693359 0.917969 0.683594 0.919922 0.652344 0.910156 0.642578 0.902344 0.640625 0.839844 0.642578 0.828125 0.626953 0.828125 0.619141 0.812500 0.607422 0.738281 0.609375 0.736328 0.613281 0.730469 0.613281 0.730469 0.660156 0.718750 0.673828 0.718750 0.679688 0.708984 0.693359
1 0.558594 0.759766 0.566406 0.773438 0.570312 0.794922 0.576172 0.798828 0.587891 0.833984 0.595703 0.845703 0.630859 0.882812 0.654297 0.894531 0.675781 0.892578 0.677734 0.888672 0.683594 0.888672 0.705078 0.875000 0.722656 0.873047 0.783203 0.828125 0.785156 0.796875 0.769531 0.765625 0.761719 0.763672 0.750000 0.753906 0.740234 0.751953 0.738281 0.748047 0.705078 0.748047 0.697266 0.753906 0.675781 0.755859 0.642578 0.734375 0.642578 0.712891 0.638672 0.705078 0.619141 0.691406 0.599609 0.691406 0.587891 0.699219 0.582031 0.708984 0.580078 0.726562 0.568359 0.740234
1 0.394531 0.681641 0.390625 0.697266 0.382812 0.705078 0.380859 0.716797 0.375000 0.724609 0.375000 0.744141 0.388672 0.753906 0.386719 0.761719 0.351562 0.794922 0.353516 0.812500 0.380859 0.841797 0.390625 0.861328 0.398438 0.867188 0.400391 0.876953 0.425781 0.902344 0.431641 0.916016 0.445312 0.927734 0.455078 0.927734 0.472656 0.951172 0.480469 0.951172 0.488281 0.957031 0.513672 0.964844 0.525391 0.964844 0.539062 0.953125 0.548828 0.953125 0.562500 0.943359 0.580078 0.943359 0.589844 0.931641 0.613281 0.925781 0.626953 0.910156 0.626953 0.890625 0.619141 0.882812 0.617188 0.875000 0.595703 0.853516 0.593750 0.845703 0.578125 0.830078 0.578125 0.826172 0.570312 0.820312 0.568359 0.808594 0.560547 0.798828 0.550781 0.771484 0.542969 0.763672 0.519531 0.753906 0.513672 0.746094 0.496094 0.740234 0.488281 0.734375 0.488281 0.730469 0.476562 0.728516 0.472656 0.722656 0.458984 0.718750 0.455078 0.712891 0.431641 0.703125 0.417969 0.685547
1 0.972656 0.724609 0.931641 0.708984 0.882812 0.708984 0.865234 0.714844 0.853516 0.726562 0.822266 0.732422 0.806641 0.744141 0.802734 0.792969 0.792969 0.810547 0.792969 0.824219 0.783203 0.837891 0.777344 0.865234 0.773438 0.867188 0.775391 0.896484 0.783203 0.904297 0.794922 0.935547 0.828125 0.964844 0.837891 0.964844 0.849609 0.970703 0.884766 0.970703 0.943359 0.945312 0.947266 0.939453 0.968750 0.931641 0.986328 0.917969 0.986328 0.898438 0.994141 0.888672 0.998047 0.869141 0.996094 0.775391 0.984375 0.736328
1 0.003906 0.935547 0.041016 0.970703 0.058594 0.970703 0.101562 0.988281 0.166016 0.988281 0.187500 0.970703 0.191406 0.960938 0.187500 0.927734 0.175781 0.900391 0.158203 0.884766 0.126953 0.876953 0.064453 0.876953 0.046875 0.894531 0.031250 0.902344 0.021484 0.912109 0.021484 0.923828
1 0.664062 0.974609 0.664062 0.990234 0.677734 0.998047 0.898438 0.998047 0.904297 0.990234 0.888672 0.988281 0.876953 0.982422 0.851562 0.982422 0.849609 0.978516 0.839844 0.978516 0.833984 0.972656 0.802734 0.960938 0.794922 0.955078 0.794922 0.949219 0.787109 0.939453 0.783203 0.916016 0.769531 0.904297 0.750000 0.904297 0.748047 0.908203 0.728516 0.910156 0.718750 0.917969 0.716797 0.925781 0.685547 0.949219 0.685547 0.953125 0.677734 0.957031
3 0.427734 0.337891 0.414062 0.337891 0.402344 0.349609 0.400391 0.373047 0.384766 0.394531 0.386719 0.431641 0.380859 0.443359 0.378906 0.478516 0.367188 0.486328 0.363281 0.498047 0.365234 0.521484 0.345703 0.533203 0.292969 0.539062 0.267578 0.519531 0.210938 0.460938 0.205078 0.398438 0.199219 0.384766 0.183594 0.371094 0.171875 0.371094 0.162109 0.382812 0.162109 0.435547 0.138672 0.462891 0.113281 0.470703 0.101562 0.486328 0.101562 0.496094 0.123047 0.535156 0.123047 0.542969 0.138672 0.562500 0.183594 0.587891 0.195312 0.587891 0.220703 0.615234 0.244141 0.623047 0.269531 0.625000 0.259766 0.634766 0.257812 0.652344 0.236328 0.681641 0.236328 0.687500 0.203125 0.693359 0.171875 0.724609 0.179688 0.744141 0.216797 0.744141 0.234375 0.759766 0.244141 0.761719 0.251953 0.769531 0.255859 0.785156 0.250000 0.855469 0.236328 0.882812 0.216797 0.908203 0.216797 0.916016 0.203125 0.939453 0.201172 0.962891 0.187500 0.986328 0.185547 0.998047 0.220703 0.996094 0.232422 0.974609 0.238281 0.945312 0.248047 0.931641 0.248047 0.923828 0.267578 0.894531 0.267578 0.884766 0.314453 0.835938 0.316406 0.828125 0.343750 0.800781 0.351562 0.781250 0.359375 0.779297 0.373047 0.761719 0.367188 0.726562 0.382812 0.697266 0.382812 0.681641 0.367188 0.667969 0.367188 0.654297 0.386719 0.617188 0.386719 0.593750 0.398438 0.574219 0.435547 0.558594 0.441406 0.546875 0.435547 0.527344 0.406250 0.519531 0.406250 0.501953 0.398438 0.484375 0.404297 0.474609 0.404297 0.455078 0.417969 0.433594 0.417969 0.421875 0.425781 0.412109 0.429688 0.394531 0.437500 0.386719 0.437500 0.347656
3 0.253906 0.000000 0.121094 0.000000 0.085938 0.029297 0.085938 0.039062 0.080078 0.044922 0.080078 0.068359 0.064453 0.082031 0.056641 0.082031 0.050781 0.089844 0.029297 0.095703 0.015625 0.105469 0.003906 0.119141 0.001953 0.136719 0.013672 0.136719 0.017578 0.128906 0.029297 0.123047 0.035156 0.109375 0.070312 0.103516 0.072266 0.097656 0.103516 0.097656 0.115234 0.125000 0.130859 0.128906 0.132812 0.113281 0.169922 0.087891 0.216797 0.087891 0.236328 0.093750 0.236328 0.062500 0.242188 0.054688 0.242188 0.041016 0.250000 0.033203
