0 0.871345 0.048828 0.861598 0.044922 0.849903 0.044922 0.844055 0.048828 0.830409 0.052734 0.826511 0.060547 0.820663 0.066406 0.822612 0.068359 0.822612 0.085938 0.838207 0.095703 0.861598 0.095703 0.863548 0.093750 0.867446 0.093750 0.883041 0.078125 0.883041 0.060547
0 0.721248 0.095703 0.705653 0.111328 0.705653 0.134766 0.703704 0.136719 0.715400 0.154297 0.723197 0.154297 0.725146 0.156250 0.740741 0.156250 0.758285 0.136719 0.758285 0.113281 0.742690 0.095703
0 0.292398 0.144531 0.290448 0.150391 0.284600 0.156250 0.284600 0.171875 0.288499 0.179688 0.296296 0.183594 0.307992 0.193359 0.323587 0.193359 0.331384 0.189453 0.337232 0.181641 0.337232 0.162109 0.335283 0.158203 0.317739 0.142578 0.298246 0.142578 0.296296 0.144531
0 0.799220 0.201172 0.795322 0.208984 0.789474 0.214844 0.789474 0.226562 0.793372 0.234375 0.808967 0.246094 0.832359 0.246094 0.844055 0.234375 0.844055 0.214844 0.842105 0.210938 0.832359 0.201172 0.822612 0.197266 0.812865 0.197266 0.805068 0.201172
0 0.391813 0.203125 0.372320 0.222656 0.372320 0.246094 0.370370 0.248047 0.380117 0.261719 0.384016 0.271484 0.387914 0.271484 0.397661 0.277344 0.417154 0.277344 0.421053 0.275391 0.436647 0.257812 0.436647 0.228516 0.430799 0.220703 0.428850 0.214844 0.421053 0.207031 0.411306 0.205078 0.409357 0.203125
0 0.959064 0.220703 0.953216 0.224609 0.951267 0.230469 0.947368 0.234375 0.947368 0.251953 0.957115 0.261719 0.972710 0.261719 0.986355 0.248047 0.986355 0.234375 0.976608 0.220703
0 0.890838 0.291016 0.892788 0.292969 0.894737 0.306641 0.906433 0.312500 0.916179 0.312500 0.918129 0.310547 0.931774 0.308594 0.939571 0.298828 0.939571 0.285156 0.927875 0.275391 0.910331 0.275391 0.908382 0.277344 0.898635 0.279297 0.896686 0.285156
0 0.356725 0.294922 0.356725 0.296875 0.341131 0.312500 0.341131 0.343750 0.339181 0.345703 0.343080 0.349609 0.350877 0.367188 0.362573 0.373047 0.380117 0.373047 0.391813 0.363281 0.397661 0.351562 0.397661 0.324219 0.391813 0.308594 0.382066 0.298828 0.374269 0.294922
0 0.085770 0.335938 0.077973 0.339844 0.068226 0.349609 0.068226 0.353516 0.064327 0.359375 0.066277 0.361328 0.066277 0.378906 0.076023 0.388672 0.076023 0.390625 0.087719 0.396484 0.109162 0.396484 0.113060 0.394531 0.126706 0.378906 0.126706 0.357422 0.122807 0.349609 0.103314 0.335938
0 0.863548 0.351562 0.846004 0.369141 0.846004 0.394531 0.844055 0.396484 0.847953 0.402344 0.847953 0.406250 0.861598 0.419922 0.884990 0.419922 0.896686 0.410156 0.900585 0.402344 0.900585 0.373047 0.886940 0.355469 0.879142 0.351562
0 0.165692 0.421875 0.161793 0.429688 0.155945 0.435547 0.157895 0.437500 0.159844 0.455078 0.167641 0.462891 0.171540 0.462891 0.177388 0.466797 0.198830 0.466797 0.206628 0.462891 0.216374 0.451172 0.216374 0.433594 0.214425 0.429688 0.194932 0.416016 0.175439 0.416016 0.171540 0.419922
0 0.896686 0.496094 0.886940 0.505859 0.886940 0.509766 0.883041 0.515625 0.883041 0.525391 0.886940 0.531250 0.888889 0.541016 0.896686 0.544922 0.908382 0.554688 0.931774 0.554688 0.945419 0.541016 0.945419 0.515625 0.933723 0.500000 0.918129 0.492188 0.904483 0.492188
0 0.323587 0.554688 0.311891 0.548828 0.286550 0.550781 0.274854 0.562500 0.272904 0.562500 0.272904 0.574219 0.270955 0.576172 0.282651 0.583984 0.304094 0.583984 0.306043 0.582031 0.309942 0.582031 0.323587 0.570312
0 0.939571 0.597656 0.927875 0.605469 0.922027 0.621094 0.923977 0.623047 0.923977 0.628906 0.931774 0.640625 0.939571 0.644531 0.955166 0.644531 0.966862 0.636719 0.970760 0.628906 0.970760 0.613281 0.962963 0.601562 0.955166 0.597656
0 0.380117 0.654297 0.370370 0.664062 0.368421 0.664062 0.362573 0.675781 0.362573 0.695312 0.370370 0.708984 0.370370 0.712891 0.385965 0.728516 0.389864 0.728516 0.401559 0.734375 0.423002 0.734375 0.430799 0.730469 0.442495 0.716797 0.442495 0.687500 0.436647 0.673828 0.423002 0.660156 0.411306 0.654297 0.405458 0.654297 0.403509 0.652344
0 0.664717 0.689453 0.653021 0.701172 0.653021 0.705078 0.649123 0.710938 0.649123 0.726562 0.651072 0.728516 0.653021 0.738281 0.662768 0.748047 0.662768 0.750000 0.670565 0.753906 0.693957 0.753906 0.703704 0.746094 0.709552 0.736328 0.709552 0.714844 0.707602 0.712891 0.707602 0.708984 0.705653 0.705078 0.688109 0.689453
0 0.035088 0.695312 0.023392 0.707031 0.021442 0.707031 0.021442 0.724609 0.019493 0.726562 0.023392 0.732422 0.023392 0.736328 0.038986 0.748047 0.060429 0.748047 0.064327 0.746094 0.074074 0.734375 0.074074 0.716797 0.070175 0.708984 0.062378 0.701172 0.050682 0.695312
0 0.590643 0.703125 0.586745 0.705078 0.586745 0.707031 0.575049 0.718750 0.575049 0.748047 0.573099 0.750000 0.576998 0.755859 0.576998 0.759766 0.594542 0.777344 0.598441 0.777344 0.600390 0.779297 0.619883 0.779297 0.635478 0.767578 0.641326 0.755859 0.641326 0.732422 0.639376 0.730469 0.639376 0.726562 0.633528 0.716797 0.617934 0.703125
0 0.725146 0.785156 0.719298 0.791016 0.711501 0.794922 0.705653 0.806641 0.705653 0.830078 0.703704 0.832031 0.709552 0.845703 0.709552 0.851562 0.719298 0.861328 0.727096 0.873047 0.738791 0.878906 0.764133 0.878906 0.777778 0.867188 0.783626 0.855469 0.783626 0.822266 0.775828 0.806641 0.756335 0.787109 0.752437 0.785156
0 0.822612 0.878906 0.818713 0.880859 0.812865 0.888672 0.812865 0.894531 0.810916 0.896484 0.812865 0.898438 0.812865 0.904297 0.814815 0.908203 0.822612 0.914062 0.836257 0.914062 0.840156 0.912109 0.846004 0.904297 0.846004 0.888672 0.844055 0.884766 0.836257 0.878906
0 0.087719 0.951172 0.070175 0.939453 0.066277 0.941406 0.044834 0.941406 0.037037 0.949219 0.029240 0.953125 0.025341 0.960938 0.025341 0.978516 0.038986 0.996094 0.085770 0.996094 0.095517 0.984375 0.095517 0.962891
0 0.676413 0.968750 0.678363 0.970703 0.678363 0.982422 0.688109 0.992188 0.688109 0.994141 0.692008 0.996094 0.738791 0.996094 0.750487 0.982422 0.750487 0.966797 0.748538 0.962891 0.738791 0.953125 0.730994 0.949219 0.697856 0.949219 0.692008 0.953125 0.688109 0.953125 0.680312 0.960938
2 0.910331 0.037109 0.898635 0.033203 0.863548 0.033203 0.832359 0.041016 0.814815 0.041016 0.793372 0.048828 0.777778 0.064453 0.795322 0.130859 0.816764 0.132812 0.820663 0.128906 0.869396 0.115234 0.912281 0.068359 0.914230 0.056641
2 0.631579 0.074219 0.635478 0.099609 0.682261 0.171875 0.717349 0.173828 0.760234 0.167969 0.795322 0.150391 0.781676 0.097656 0.775828 0.087891 0.764133 0.080078 0.699805 0.070312 0.693957 0.066406 0.662768 0.066406 0.656920 0.070312 0.641326 0.070312
1 0.549708 0.044922 0.495127 0.041016 0.485380 0.044922 0.456140 0.046875 0.444444 0.054688 0.430799 0.056641 0.424951 0.062500 0.411306 0.062500 0.407407 0.068359 0.382066 0.082031 0.376218 0.082031 0.358674 0.101562 0.354776 0.111328 0.356725 0.136719 0.352827 0.146484 0.346979 0.150391 0.337232 0.199219 0.339181 0.208984 0.354776 0.236328 0.385965 0.269531 0.407407 0.281250 0.448343 0.281250 0.465887 0.269531 0.547758 0.244141 0.553606 0.236328 0.565302 0.228516 0.571150 0.228516 0.588694 0.208984 0.596491 0.177734 0.590643 0.134766 0.573099 0.097656 0.573099 0.083984 0.565302 0.064453
2 0.325536 0.115234 0.298246 0.115234 0.280702 0.121094 0.274854 0.138672 0.272904 0.187500 0.263158 0.207031 0.251462 0.208984 0.253411 0.220703 0.272904 0.226562 0.298246 0.244141 0.323587 0.242188 0.339181 0.230469 0.339181 0.210938 0.333333 0.199219 0.333333 0.152344 0.337232 0.138672
2 0.851852 0.136719 0.822612 0.138672 0.812865 0.146484 0.781676 0.222656 0.769981 0.236328 0.762183 0.255859 0.771930 0.263672 0.818713 0.263672 0.836257 0.259766 0.844055 0.253906 0.857700 0.226562 0.855750 0.185547 0.863548 0.160156 0.863548 0.144531
1 0.128655 0.228516 0.109162 0.226562 0.099415 0.236328 0.070175 0.246094 0.052632 0.261719 0.048733 0.275391 0.040936 0.285156 0.038986 0.312500 0.046784 0.324219 0.052632 0.386719 0.076023 0.388672 0.093567 0.394531 0.109162 0.390625 0.126706 0.369141 0.150097 0.351562 0.159844 0.310547 0.165692 0.302734 0.167641 0.271484 0.146199 0.248047 0.146199 0.244141
1 0.247563 0.232422 0.230019 0.236328 0.200780 0.255859 0.194932 0.271484 0.183236 0.279297 0.177388 0.294922 0.177388 0.318359 0.189084 0.328125 0.189084 0.333984 0.200780 0.345703 0.210526 0.365234 0.216374 0.384766 0.216374 0.412109 0.243665 0.460938 0.247563 0.482422 0.255361 0.488281 0.294347 0.496094 0.337232 0.476562 0.360624 0.458984 0.389864 0.447266 0.403509 0.437500 0.409357 0.427734 0.421053 0.421875 0.440546 0.396484 0.440546 0.390625 0.450292 0.375000 0.452242 0.357422 0.456140 0.353516 0.458090 0.326172 0.450292 0.304688 0.440546 0.294922 0.397661 0.285156 0.385965 0.273438 0.364522 0.263672 0.307992 0.255859 0.306043 0.251953 0.284600 0.248047 0.267057 0.236328
2 0.109162 0.412109 0.107212 0.449219 0.111111 0.468750 0.116959 0.476562 0.192982 0.468750 0.226121 0.458984 0.224172 0.437500 0.206628 0.406250 0.179337 0.384766 0.155945 0.373047 0.132554 0.378906 0.124756 0.394531
2 0.994152 0.509766 0.970760 0.490234 0.962963 0.472656 0.943470 0.464844 0.902534 0.462891 0.849903 0.476562 0.840156 0.492188 0.836257 0.519531 0.828460 0.535156 0.828460 0.550781 0.836257 0.583984 0.840156 0.589844 0.873294 0.587891 0.888889 0.574219 0.927875 0.562500 0.947368 0.552734 0.994152 0.519531
2 0.345029 0.519531 0.329435 0.500000 0.306043 0.503906 0.304094 0.507812 0.284600 0.513672 0.282651 0.517578 0.245614 0.533203 0.218324 0.558594 0.214425 0.566406 0.204678 0.570312 0.200780 0.583984 0.239766 0.603516 0.276803 0.585938 0.300195 0.582031 0.319688 0.572266 0.327485 0.562500 0.339181 0.556641
2 0.998051 0.527344 0.949318 0.558594 0.933723 0.564453 0.918129 0.578125 0.902534 0.583984 0.890838 0.583984 0.875244 0.593750 0.867446 0.611328 0.867446 0.632812 0.884990 0.667969 0.929825 0.669922 0.953216 0.683594 0.959064 0.683594 0.998051 0.650391
1 0.473684 0.531250 0.395712 0.535156 0.378168 0.542969 0.352827 0.546875 0.337232 0.560547 0.327485 0.564453 0.319688 0.574219 0.269006 0.597656 0.257310 0.613281 0.243665 0.656250 0.245614 0.675781 0.269006 0.718750 0.269006 0.724609 0.306043 0.775391 0.372320 0.804688 0.415205 0.806641 0.428850 0.798828 0.430799 0.777344 0.444444 0.767578 0.454191 0.744141 0.467836 0.730469 0.489279 0.720703 0.504873 0.697266 0.516569 0.689453 0.536062 0.648438 0.536062 0.625000 0.514620 0.587891 0.500975 0.552734
1 0.153996 0.623047 0.132554 0.609375 0.103314 0.597656 0.066277 0.589844 0.035088 0.595703 0.019493 0.607422 0.011696 0.623047 0.007797 0.656250 0.019493 0.687500 0.013645 0.699219 0.013645 0.718750 0.021442 0.738281 0.035088 0.753906 0.052632 0.757812 0.076023 0.746094 0.091618 0.744141 0.101365 0.734375 0.140351 0.722656 0.169591 0.707031 0.175439 0.691406 0.173489 0.666016 0.167641 0.642578
2 0.744639 0.660156 0.732943 0.660156 0.653021 0.679688 0.641326 0.689453 0.641326 0.732422 0.649123 0.740234 0.651072 0.767578 0.662768 0.783203 0.682261 0.785156 0.690058 0.781250 0.703704 0.781250 0.719298 0.771484 0.727096 0.761719 0.738791 0.732422 0.764133 0.707031 0.768031 0.675781
1 0.612086 0.660156 0.536062 0.660156 0.536062 0.667969 0.518519 0.691406 0.512671 0.708984 0.504873 0.716797 0.497076 0.716797 0.487329 0.722656 0.456140 0.759766 0.450292 0.759766 0.450292 0.820312 0.456140 0.820312 0.471735 0.833984 0.512671 0.851562 0.516569 0.859375 0.543860 0.859375 0.545809 0.851562 0.582846 0.839844 0.617934 0.820312 0.639376 0.798828 0.649123 0.777344 0.654971 0.775391 0.649123 0.767578 0.647173 0.740234 0.639376 0.732422 0.637427 0.693359 0.612086 0.666016
1 0.922027 0.779297 0.908382 0.757812 0.879142 0.738281 0.842105 0.705078 0.826511 0.703125 0.818713 0.707031 0.797271 0.707031 0.779727 0.712891 0.752437 0.732422 0.713450 0.779297 0.688109 0.785156 0.674464 0.802734 0.674464 0.830078 0.688109 0.859375 0.695906 0.867188 0.738791 0.880859 0.750487 0.880859 0.781676 0.871094 0.795322 0.861328 0.853801 0.863281 0.886940 0.845703 0.914230 0.824219 0.927875 0.804688
1 0.922027 0.839844 0.916179 0.835938 0.902534 0.835938 0.863548 0.867188 0.807018 0.865234 0.746589 0.882812 0.738791 0.896484 0.742690 0.927734 0.750487 0.939453 0.758285 0.943359 0.801170 0.949219 0.822612 0.958984 0.863548 0.958984 0.892788 0.939453 0.908382 0.914062 0.908382 0.904297 0.918129 0.884766 0.918129 0.871094 0.923977 0.859375
1 0.019493 0.873047 0.001949 0.896484 0.001949 0.947266 0.017544 0.966797 0.017544 0.992188 0.023392 0.998047 0.130604 0.996094 0.138402 0.982422 0.140351 0.962891 0.146199 0.949219 0.146199 0.923828 0.142300 0.921875 0.142300 0.908203 0.134503 0.888672 0.122807 0.878906 0.103314 0.875000 0.068226 0.859375 0.044834 0.859375 0.037037 0.867188
3 0.368421 0.472656 0.368421 0.484375 0.380117 0.496094 0.385965 0.496094 0.393762 0.509766 0.411306 0.517578 0.428850 0.517578 0.442495 0.511719 0.471735 0.517578 0.516569 0.517578 0.530214 0.513672 0.551657 0.521484 0.565302 0.521484 0.586745 0.541016 0.598441 0.544922 0.629630 0.544922 0.637427 0.554688 0.664717 0.568359 0.711501 0.609375 0.725146 0.613281 0.715400 0.630859 0.727096 0.646484 0.736842 0.650391 0.769981 0.650391 0.781676 0.664062 0.803119 0.664062 0.879142 0.722656 0.912281 0.740234 0.964912 0.808594 0.970760 0.824219 0.943470 0.871094 0.933723 0.902344 0.894737 0.953125 0.871345 0.998047 0.959064 0.998047 0.962963 0.945312 0.982456 0.892578 0.998051 0.867188 0.998051 0.759766 0.980507 0.732422 0.953216 0.707031 0.935673 0.705078 0.927875 0.708984 0.912281 0.695312 0.888889 0.685547 0.890838 0.673828 0.865497 0.652344 0.840156 0.611328 0.808967 0.585938 0.799220 0.568359 0.781676 0.552734 0.775828 0.535156 0.688109 0.449219 0.653021 0.429688 0.645224 0.404297 0.637427 0.394531 0.615984 0.386719 0.584795 0.384766 0.565302 0.351562 0.534113 0.337891 0.516569 0.343750 0.502924 0.355469 0.491228 0.384766 0.491228 0.402344 0.467836 0.416016 0.450292 0.437500 0.421053 0.443359 0.405458 0.458984 0.376218 0.464844
