0 0.054688 0.218750 0.042969 0.228516 0.041016 0.232422 0.041016 0.244141 0.050781 0.255859 0.068359 0.255859 0.078125 0.246094 0.078125 0.230469 0.068359 0.220703 0.064453 0.218750
0 0.542969 0.234375 0.531250 0.248047 0.531250 0.265625 0.533203 0.269531 0.542969 0.279297 0.552734 0.283203 0.568359 0.283203 0.578125 0.279297 0.589844 0.265625 0.589844 0.248047 0.587891 0.244141 0.578125 0.234375 0.568359 0.230469 0.552734 0.230469
0 0.121094 0.283203 0.115234 0.287109 0.109375 0.294922 0.109375 0.300781 0.107422 0.302734 0.109375 0.304688 0.109375 0.310547 0.113281 0.316406 0.121094 0.322266 0.136719 0.322266 0.142578 0.318359 0.148438 0.310547 0.148438 0.294922 0.144531 0.289062 0.136719 0.283203
0 0.611328 0.312500 0.603516 0.316406 0.595703 0.326172 0.595703 0.343750 0.603516 0.353516 0.611328 0.357422 0.626953 0.357422 0.634766 0.353516 0.642578 0.343750 0.642578 0.326172 0.634766 0.316406 0.626953 0.312500
0 0.154297 0.320312 0.150391 0.322266 0.144531 0.330078 0.144531 0.347656 0.148438 0.353516 0.154297 0.357422 0.166016 0.357422 0.169922 0.355469 0.175781 0.347656 0.175781 0.330078 0.171875 0.324219 0.166016 0.320312
0 0.105469 0.341797 0.099609 0.345703 0.093750 0.353516 0.093750 0.359375 0.091797 0.361328 0.093750 0.363281 0.093750 0.369141 0.097656 0.375000 0.105469 0.380859 0.121094 0.380859 0.126953 0.376953 0.132812 0.369141 0.132812 0.353516 0.128906 0.347656 0.121094 0.341797
0 0.503906 0.335938 0.496094 0.343750 0.492188 0.351562 0.492188 0.359375 0.490234 0.361328 0.492188 0.363281 0.492188 0.371094 0.496094 0.378906 0.503906 0.386719 0.517578 0.386719 0.525391 0.378906 0.529297 0.371094 0.529297 0.351562 0.525391 0.343750 0.517578 0.335938
0 0.050781 0.345703 0.041016 0.357422 0.041016 0.363281 0.039062 0.365234 0.041016 0.367188 0.041016 0.373047 0.050781 0.384766 0.064453 0.384766 0.074219 0.373047 0.074219 0.357422 0.064453 0.345703
0 0.281250 0.476562 0.273438 0.486328 0.273438 0.500000 0.281250 0.509766 0.294922 0.509766 0.302734 0.500000 0.302734 0.486328 0.294922 0.476562
0 0.033203 0.474609 0.029297 0.476562 0.021484 0.486328 0.021484 0.492188 0.019531 0.494141 0.021484 0.496094 0.021484 0.501953 0.023438 0.505859 0.033203 0.513672 0.046875 0.513672 0.050781 0.511719 0.058594 0.501953 0.058594 0.486328 0.054688 0.480469 0.046875 0.474609
0 0.185547 0.580078 0.179688 0.583984 0.173828 0.593750 0.173828 0.599609 0.171875 0.601562 0.173828 0.603516 0.173828 0.609375 0.177734 0.617188 0.185547 0.623047 0.201172 0.623047 0.208984 0.617188 0.212891 0.609375 0.212891 0.593750 0.207031 0.583984 0.201172 0.580078
0 0.882812 0.576172 0.875000 0.582031 0.869141 0.591797 0.869141 0.599609 0.867188 0.601562 0.869141 0.603516 0.869141 0.611328 0.875000 0.621094 0.882812 0.626953 0.898438 0.626953 0.906250 0.621094 0.912109 0.611328 0.912109 0.591797 0.906250 0.582031 0.898438 0.576172
0 0.101562 0.595703 0.095703 0.599609 0.089844 0.607422 0.089844 0.621094 0.091797 0.625000 0.101562 0.632812 0.117188 0.632812 0.123047 0.628906 0.128906 0.621094 0.128906 0.607422 0.126953 0.603516 0.117188 0.595703
0 0.333984 0.667969 0.328125 0.673828 0.328125 0.687500 0.333984 0.693359 0.347656 0.693359 0.353516 0.687500 0.353516 0.675781 0.347656 0.667969
0 0.880859 0.695312 0.871094 0.701172 0.865234 0.708984 0.865234 0.726562 0.871094 0.734375 0.880859 0.740234 0.898438 0.740234 0.908203 0.734375 0.914062 0.726562 0.914062 0.708984 0.908203 0.701172 0.898438 0.695312
0 0.753906 0.742188 0.750000 0.744141 0.746094 0.750000 0.746094 0.753906 0.744141 0.755859 0.746094 0.757812 0.746094 0.761719 0.748047 0.765625 0.753906 0.769531 0.763672 0.769531 0.767578 0.767578 0.771484 0.761719 0.771484 0.750000 0.769531 0.746094 0.763672 0.742188
0 0.468750 0.734375 0.460938 0.738281 0.449219 0.751953 0.449219 0.759766 0.447266 0.761719 0.449219 0.763672 0.449219 0.771484 0.460938 0.785156 0.468750 0.789062 0.486328 0.789062 0.494141 0.785156 0.505859 0.771484 0.505859 0.751953 0.494141 0.738281 0.486328 0.734375
0 0.251953 0.777344 0.240234 0.787109 0.236328 0.794922 0.236328 0.802734 0.234375 0.804688 0.236328 0.806641 0.236328 0.814453 0.240234 0.822266 0.251953 0.832031 0.269531 0.832031 0.281250 0.822266 0.285156 0.814453 0.285156 0.794922 0.281250 0.787109 0.269531 0.777344
0 0.714844 0.818359 0.710938 0.820312 0.701172 0.832031 0.701172 0.849609 0.710938 0.861328 0.714844 0.863281 0.728516 0.863281 0.732422 0.861328 0.742188 0.849609 0.742188 0.832031 0.732422 0.820312 0.728516 0.818359
0 0.359375 0.839844 0.353516 0.843750 0.347656 0.851562 0.347656 0.869141 0.351562 0.875000 0.359375 0.880859 0.375000 0.880859 0.380859 0.876953 0.386719 0.869141 0.386719 0.851562 0.382812 0.845703 0.375000 0.839844
0 0.761719 0.855469 0.757812 0.857422 0.748047 0.869141 0.748047 0.886719 0.757812 0.898438 0.761719 0.900391 0.775391 0.900391 0.779297 0.898438 0.789062 0.886719 0.789062 0.869141 0.779297 0.857422 0.775391 0.855469
1 0.601562 0.101562 0.580078 0.107422 0.558594 0.126953 0.542969 0.132812 0.525391 0.148438 0.515625 0.148438 0.503906 0.154297 0.486328 0.175781 0.464844 0.185547 0.445312 0.205078 0.433594 0.232422 0.433594 0.265625 0.443359 0.296875 0.457031 0.312500 0.503906 0.312500 0.513672 0.316406 0.550781 0.291016 0.589844 0.279297 0.605469 0.263672 0.609375 0.244141 0.626953 0.224609 0.626953 0.208984 0.615234 0.185547 0.611328 0.164062 0.611328 0.121094
1 0.095703 0.185547 0.070312 0.177734 0.058594 0.177734 0.000000 0.193359 0.000000 0.324219 0.042969 0.310547 0.070312 0.287109 0.078125 0.285156 0.095703 0.265625 0.099609 0.246094 0.115234 0.224609 0.109375 0.201172
1 0.189453 0.220703 0.175781 0.220703 0.158203 0.208984 0.138672 0.205078 0.128906 0.193359 0.125000 0.193359 0.121094 0.199219 0.121094 0.220703 0.113281 0.240234 0.107422 0.244141 0.097656 0.285156 0.080078 0.296875 0.080078 0.320312 0.083984 0.330078 0.109375 0.330078 0.111328 0.322266 0.121094 0.324219 0.123047 0.330078 0.130859 0.332031 0.144531 0.328125 0.152344 0.304688 0.160156 0.294922 0.160156 0.285156 0.171875 0.275391 0.183594 0.273438 0.193359 0.261719
1 0.207031 0.251953 0.189453 0.275391 0.169922 0.281250 0.164062 0.289062 0.160156 0.304688 0.154297 0.310547 0.154297 0.318359 0.146484 0.326172 0.146484 0.337891 0.138672 0.341797 0.138672 0.347656 0.146484 0.355469 0.167969 0.355469 0.169922 0.351562 0.177734 0.351562 0.207031 0.373047 0.216797 0.373047 0.216797 0.367188 0.220703 0.365234 0.220703 0.341797 0.232422 0.326172 0.234375 0.267578 0.224609 0.253906
1 0.072266 0.316406 0.054688 0.316406 0.041016 0.326172 0.023438 0.332031 0.000000 0.328125 0.000000 0.412109 0.050781 0.408203 0.072266 0.398438 0.078125 0.380859 0.078125 0.328125
1 0.552734 0.304688 0.544922 0.316406 0.544922 0.357422 0.550781 0.365234 0.550781 0.373047 0.568359 0.392578 0.578125 0.417969 0.585938 0.425781 0.587891 0.447266 0.595703 0.460938 0.626953 0.460938 0.638672 0.453125 0.666016 0.445312 0.699219 0.417969 0.705078 0.408203 0.701172 0.380859 0.683594 0.365234 0.681641 0.357422 0.656250 0.332031 0.656250 0.318359 0.646484 0.310547 0.644531 0.298828 0.568359 0.296875
1 0.416016 0.351562 0.408203 0.375000 0.406250 0.410156 0.412109 0.421875 0.412109 0.441406 0.423828 0.453125 0.449219 0.466797 0.472656 0.472656 0.566406 0.472656 0.576172 0.466797 0.576172 0.437500 0.570312 0.412109 0.541016 0.373047 0.539062 0.361328 0.519531 0.333984 0.503906 0.326172 0.449219 0.326172
1 0.101562 0.335938 0.089844 0.343750 0.083984 0.357422 0.089844 0.406250 0.080078 0.437500 0.082031 0.455078 0.111328 0.490234 0.128906 0.498047 0.146484 0.498047 0.205078 0.451172 0.212891 0.449219 0.224609 0.429688 0.228516 0.402344 0.220703 0.390625 0.220703 0.380859 0.193359 0.369141 0.181641 0.355469 0.136719 0.355469 0.126953 0.339844 0.119141 0.335938
1 0.000000 0.423828 0.000000 0.515625 0.021484 0.527344 0.031250 0.527344 0.058594 0.544922 0.072266 0.548828 0.089844 0.546875 0.107422 0.525391 0.107422 0.507812 0.111328 0.501953 0.105469 0.496094 0.105469 0.488281 0.076172 0.457031 0.074219 0.441406 0.064453 0.431641 0.064453 0.423828 0.048828 0.416016 0.027344 0.416016
1 0.261719 0.453125 0.251953 0.468750 0.253906 0.515625 0.259766 0.521484 0.259766 0.531250 0.269531 0.541016 0.283203 0.548828 0.292969 0.548828 0.308594 0.560547 0.335938 0.564453 0.355469 0.576172 0.367188 0.576172 0.376953 0.558594 0.378906 0.533203 0.404297 0.484375 0.404297 0.474609 0.384766 0.462891 0.322266 0.447266 0.285156 0.445312
1 0.214844 0.476562 0.199219 0.480469 0.189453 0.490234 0.183594 0.490234 0.171875 0.501953 0.158203 0.507812 0.132812 0.548828 0.130859 0.558594 0.156250 0.603516 0.156250 0.626953 0.162109 0.630859 0.197266 0.630859 0.212891 0.615234 0.218750 0.597656 0.230469 0.585938 0.246094 0.554688 0.246094 0.505859 0.232422 0.494141 0.228516 0.482422
1 0.724609 0.662109 0.730469 0.669922 0.759766 0.681641 0.769531 0.681641 0.775391 0.687500 0.808594 0.691406 0.822266 0.677734 0.835938 0.654297 0.849609 0.650391 0.894531 0.650391 0.916016 0.636719 0.931641 0.636719 0.943359 0.628906 0.980469 0.632812 0.988281 0.625000 0.990234 0.611328 0.972656 0.591797 0.957031 0.582031 0.945312 0.582031 0.927734 0.572266 0.916016 0.572266 0.900391 0.562500 0.880859 0.556641 0.861328 0.556641 0.841797 0.548828 0.812500 0.548828 0.761719 0.578125 0.750000 0.589844 0.736328 0.611328 0.736328 0.623047 0.724609 0.648438
1 0.275391 0.550781 0.257812 0.558594 0.222656 0.597656 0.216797 0.615234 0.208984 0.623047 0.210938 0.656250 0.224609 0.691406 0.240234 0.705078 0.328125 0.716797 0.341797 0.707031 0.361328 0.667969 0.361328 0.587891 0.355469 0.578125 0.341797 0.570312 0.318359 0.568359 0.300781 0.560547 0.292969 0.552734
1 0.130859 0.585938 0.121094 0.582031 0.095703 0.582031 0.074219 0.593750 0.048828 0.621094 0.027344 0.636719 0.025391 0.646484 0.015625 0.654297 0.015625 0.669922 0.005859 0.677734 0.005859 0.703125 0.000000 0.710938 0.005859 0.714844 0.007812 0.728516 0.021484 0.734375 0.039062 0.734375 0.085938 0.703125 0.136719 0.652344 0.146484 0.634766 0.146484 0.607422
1 0.996094 0.660156 0.972656 0.648438 0.947266 0.646484 0.923828 0.648438 0.892578 0.662109 0.839844 0.660156 0.832031 0.667969 0.832031 0.675781 0.818359 0.689453 0.816406 0.701172 0.798828 0.732422 0.794922 0.746094 0.796875 0.769531 0.804688 0.777344 0.816406 0.781250 0.835938 0.781250 0.851562 0.791016 0.876953 0.792969 0.917969 0.808594 0.958984 0.808594 0.966797 0.804688 0.980469 0.783203 0.996094 0.769531 0.998047 0.761719
1 0.351562 0.716797 0.351562 0.740234 0.365234 0.771484 0.382812 0.794922 0.394531 0.820312 0.406250 0.830078 0.451172 0.849609 0.472656 0.849609 0.480469 0.853516 0.505859 0.853516 0.515625 0.849609 0.542969 0.820312 0.558594 0.789062 0.578125 0.765625 0.578125 0.746094 0.570312 0.740234 0.501953 0.738281 0.476562 0.726562 0.445312 0.722656 0.429688 0.710938 0.419922 0.708984 0.402344 0.691406 0.382812 0.681641 0.373047 0.681641 0.365234 0.687500
1 0.232422 0.720703 0.226562 0.732422 0.226562 0.748047 0.212891 0.781250 0.212891 0.833984 0.218750 0.839844 0.318359 0.845703 0.333984 0.826172 0.351562 0.820312 0.361328 0.810547 0.371094 0.810547 0.371094 0.800781 0.353516 0.777344 0.343750 0.746094 0.332031 0.732422 0.314453 0.724609 0.291016 0.720703
1 0.664062 0.707031 0.642578 0.716797 0.605469 0.748047 0.582031 0.779297 0.570312 0.802734 0.564453 0.824219 0.566406 0.845703 0.580078 0.869141 0.607422 0.886719 0.623047 0.888672 0.636719 0.896484 0.699219 0.892578 0.720703 0.871094 0.726562 0.871094 0.748047 0.847656 0.748047 0.839844 0.757812 0.822266 0.757812 0.802734 0.761719 0.798828 0.759766 0.787109 0.734375 0.783203 0.724609 0.773438 0.714844 0.771484 0.707031 0.761719 0.699219 0.759766 0.683594 0.744141 0.683594 0.738281 0.671875 0.726562 0.671875 0.718750 0.664062 0.714844
1 0.791016 0.791016 0.769531 0.814453 0.750000 0.855469 0.732422 0.875000 0.724609 0.876953 0.712891 0.888672 0.707031 0.904297 0.708984 0.916016 0.738281 0.955078 0.753906 0.968750 0.769531 0.974609 0.808594 0.976562 0.814453 0.980469 0.863281 0.982422 0.867188 0.978516 0.880859 0.978516 0.882812 0.968750 0.892578 0.966797 0.917969 0.941406 0.927734 0.884766 0.927734 0.849609 0.914062 0.833984 0.914062 0.828125 0.892578 0.812500 0.859375 0.800781 0.810547 0.791016
1 0.337891 0.837891 0.332031 0.851562 0.333984 0.876953 0.347656 0.890625 0.347656 0.904297 0.355469 0.912109 0.353516 0.916016 0.359375 0.937500 0.375000 0.953125 0.378906 0.962891 0.398438 0.976562 0.398438 0.984375 0.414062 0.996094 0.476562 0.996094 0.492188 0.939453 0.513672 0.894531 0.513672 0.888672 0.496094 0.869141 0.441406 0.861328 0.431641 0.855469 0.423828 0.855469 0.400391 0.833984 0.388672 0.830078 0.361328 0.828125 0.349609 0.830078
3 0.000000 0.718750 0.000000 0.808594 0.011719 0.828125 0.046875 0.855469 0.050781 0.867188 0.072266 0.894531 0.082031 0.898438 0.085938 0.884766 0.078125 0.867188 0.050781 0.841797 0.017578 0.775391 0.015625 0.763672 0.023438 0.738281 0.007812 0.732422
3 0.095703 0.046875 0.072266 0.085938 0.064453 0.093750 0.033203 0.107422 0.027344 0.115234 0.033203 0.123047 0.044922 0.125000 0.046875 0.144531 0.058594 0.166016 0.066406 0.166016 0.095703 0.181641 0.121094 0.181641 0.126953 0.189453 0.138672 0.191406 0.148438 0.203125 0.181641 0.210938 0.185547 0.216797 0.195312 0.218750 0.214844 0.242188 0.238281 0.259766 0.238281 0.267578 0.244141 0.273438 0.244141 0.318359 0.234375 0.337891 0.226562 0.378906 0.236328 0.384766 0.244141 0.429688 0.255859 0.429688 0.255859 0.390625 0.250000 0.382812 0.250000 0.355469 0.265625 0.302734 0.277344 0.291016 0.287109 0.267578 0.279297 0.253906 0.259766 0.253906 0.248047 0.248047 0.191406 0.203125 0.183594 0.185547 0.173828 0.177734 0.136719 0.093750 0.119141 0.083984 0.119141 0.074219 0.105469 0.060547 0.105469 0.050781
3 0.101562 0.000000 0.109375 0.009766 0.132812 0.072266 0.144531 0.074219 0.146484 0.050781 0.166016 0.025391 0.171875 0.003906 0.177734 0.000000
